time	energy	cost
0	0	0
4881	0.0333333	0
5371	0	0
5480	0.0333333	0
5600	0.05	0
6106	0.0166667	0
6107	0.05	0
6243	0.0333333	0
6244	0.05	0
6725	0.0166667	0
6726	0.05	0
7372	0.0166667	0
7373	0.05	0
7417	0.0333333	0
7418	0.05	0
7630	0.0166667	0
7631	0.05	0
8205	0.0166667	0
8206	0.05	0
8621	0.0333333	0
8622	0.05	0
8690	0.0166667	0
8691	0.05	0
9249	0.0166667	0
9250	0.05	0
9837	0.0333333	0
9838	0.05	0
9874	0.0166667	0
9875	0.05	0
10456	0.0166667	0
10457	0.05	0
11032	0.0333333	0
11033	0.05	0
11105	0.0166667	0
11106	0.05	0
11682	0.0166667	0
11683	0.05	0
12216	0.0333333	0
12217	0.05	0
12272	0.0166667	0
12273	0.05	0
13008	0.0166667	0
13009	0.05	0
13446	0.0333333	0
13447	0.05	0
13595	0.0166667	0
13596	0.05	0
14232	0.0166667	0
14233	0.05	0
14688	0.0333333	0
14689	0.05	0
14828	0.0166667	0
14829	0.05	0
15385	0.0166667	0
15386	0.05	0
15937	0.0333333	0
15938	0.05	0
15995	0.0166667	0
15996	0.05	0
16599	0.0166667	0
16600	0.05	0
17108	0.0333333	0
17109	0.05	0
17167	0.0166667	0
17168	0.05	0
17780	0.0166667	0
17781	0.05	0
18221	0.0333333	0
18222	0.05	0
18426	0.0166667	0
18427	0.05	0
19051	0.0166667	0
19052	0.05	0
19479	0.0333333	0
19480	0.05	0
19589	0.0166667	0
19590	0.05	0
20183	0.0166667	0
20184	0.05	0
20707	0.0333333	0
20708	0.05	0
20777	0.0166667	0
20778	0.05	0
21389	0.0166667	0
21390	0.05	0
21876	0.0333333	0
21877	0.05	0
21989	0.0166667	0
21990	0.05	0
22584	0.0166667	0
22585	0.05	0
23129	0.0333333	0
23130	0.05	0
23184	0.0166667	0
23185	0.05	0
23790	0.0166667	0
23791	0.05	0
24211	0.0166667	0
24212	0.05	0
24354	0.0333333	0
24355	0.05	0
24832	0.0166667	0
24833	0.05	0
25403	0.0166667	0
25404	0.05	0
25538	0.0333333	0
25539	0.05	0
25990	0.0166667	0
25991	0.05	0
26596	0.0166667	0
26597	0.05	0
26729	0.0333333	0
26730	0.05	0
27179	0.0166667	0
27180	0.05	0
27717	0.0166667	0
27718	0.05	0
28006	0.0333333	0
28007	0.05	0
28308	0.0166667	0
28309	0.05	0
28900	0.0166667	0
28901	0.05	0
29177	0.0333333	0
29178	0.05	0
29509	0.0166667	0
29510	0.05	0
30048	0.0166667	0
30049	0.05	0
30357	0.0333333	0
30358	0.05	0
30641	0.0166667	0
30642	0.05	0
31168	0.0166667	0
31169	0.05	0
31523	0.0333333	0
31524	0.05	0
31784	0.0166667	0
31785	0.05	0
32369	0.0166667	0
32370	0.05	0
32693	0.0333333	0
32694	0.05	0
32982	0.0166667	0
32983	0.05	0
33578	0.0166667	0
33579	0.05	0
33921	0.0166667	0
33922	0.05	0
33985	0.0333333	0
33986	0.05	0
34517	0.0166667	0
34518	0.05	0
35109	0.0166667	0
35110	0.05	0
35148	0.0333333	0
35149	0.05	0
35704	0.0166667	0
35705	0.05	0
36290	0.0166667	0
36291	0.05	0
36309	0.0333333	0
36310	0.05	0
36879	0.0166667	0
36880	0.05	0
37471	0.0333333	0
37472	0.05	0
37510	0.0166667	0
37511	0.05	0
38100	0.0166667	0
38101	0.05	0
38623	0.0333333	0
38624	0.05	0
38723	0.0166667	0
38724	0.05	0
39344	0.0166667	0
39345	0.05	0
39758	0.0333333	0
39759	0.05	0
39931	0.0166667	0
39932	0.05	0
40524	0.0166667	0
40525	0.05	0
40960	0.0333333	0
40961	0.05	0
41165	0.0166667	0
41166	0.05	0
41774	0.0166667	0
41775	0.05	0
42139	0.0333333	0
42140	0.05	0
42401	0.0166667	0
42402	0.05	0
43044	0.0166667	0
43045	0.05	0
43312	0.0333333	0
43313	0.05	0
43669	0.0166667	0
43670	0.05	0
44210	0.0166667	0
44211	0.05	0
44244	0.0333333	0
44245	0.05	0
44799	0.0166667	0
44800	0.05	0
45455	0.0333333	0
45456	0.05	0
45466	0.0166667	0
45467	0.05	0
46058	0.0166667	0
46059	0.05	0
46662	0.0166667	0
46663	0.05	0
46750	0.0333333	0
46751	0.05	0
47252	0.0166667	0
47253	0.05	0
47812	0.0166667	0
47813	0.05	0
47916	0.0333333	0
47917	0.05	0
48222	0.0166667	0
48223	0.05	0
48814	0.0166667	0
48815	0.05	0
49315	0.0333333	0
49316	0.05	0
49426	0.0166667	0
49427	0.05	0
50110	0.0166667	0
50111	0.05	0
50498	0.0333333	0
50499	0.05	0
50730	0.0166667	0
50731	0.05	0
51344	0.0166667	0
51345	0.05	0
51688	0.0333333	0
51689	0.05	0
51945	0.0166667	0
51946	0.05	0
52536	0.0166667	0
52537	0.05	0
52905	0.0333333	0
52906	0.05	0
53134	0.0166667	0
53135	0.05	0
53784	0.0166667	0
53785	0.05	0
54190	0.0333333	0
54191	0.05	0
54384	0.0166667	0
54385	0.05	0
54974	0.0166667	0
54975	0.05	0
55404	0.0333333	0
55405	0.05	0
55562	0.0166667	0
55563	0.05	0
56139	0.0166667	0
56140	0.05	0
56588	0.0333333	0
56589	0.05	0
56758	0.0166667	0
56759	0.05	0
57348	0.0166667	0
57349	0.05	0
57820	0.0333333	0
57821	0.05	0
57935	0.0166667	0
57936	0.05	0
58560	0.0166667	0
58561	0.05	0
59007	0.0333333	0
59008	0.05	0
59150	0.0166667	0
59151	0.05	0
59740	0.0166667	0
59741	0.05	0
60260	0.0333333	0
60261	0.05	0
60338	0.0166667	0
60339	0.05	0
60961	0.0166667	0
60962	0.05	0
61452	0.0333333	0
61453	0.05	0
61600	0.0166667	0
61601	0.05	0
62196	0.0166667	0
62197	0.05	0
62655	0.0333333	0
62656	0.05	0
62797	0.0166667	0
62798	0.05	0
63395	0.0166667	0
63396	0.05	0
63861	0.0333333	0
63862	0.05	0
63981	0.0166667	0
63982	0.05	0
64581	0.0166667	0
64582	0.05	0
65095	0.0333333	0
65096	0.05	0
65197	0.0166667	0
65198	0.05	0
65804	0.0166667	0
65805	0.05	0
66263	0.0333333	0
66264	0.05	0
66400	0.0166667	0
66401	0.05	0
66993	0.0166667	0
66994	0.05	0
67430	0.0333333	0
67431	0.05	0
67580	0.0166667	0
67581	0.05	0
68164	0.0166667	0
68165	0.05	0
68641	0.0333333	0
68642	0.05	0
68750	0.0166667	0
68751	0.05	0
69341	0.0166667	0
69342	0.05	0
69832	0.0333333	0
69833	0.05	0
69893	0.0166667	0
69894	0.05	0
70521	0.0166667	0
70522	0.05	0
70697	0.0333333	0
70698	0.05	0
71181	0.0166667	0
71182	0.05	0
71625	0.0333333	0
71626	0.05	0
71791	0.0166667	0
71792	0.05	0
72459	0.0166667	0
72460	0.05	0
72782	0.0333333	0
72783	0.05	0
73056	0.0166667	0
73057	0.05	0
73654	0.0166667	0
73655	0.05	0
73992	0.0333333	0
73993	0.05	0
74247	0.0166667	0
74248	0.05	0
74830	0.0166667	0
74831	0.05	0
75162	0.0333333	0
75163	0.05	0
75421	0.0166667	0
75422	0.05	0
76007	0.0166667	0
76008	0.05	0
76331	0.0333333	0
76332	0.05	0
76591	0.0166667	0
76592	0.05	0
77222	0.0166667	0
77223	0.05	0
77603	0.0333333	0
77604	0.05	0
77823	0.0166667	0
77824	0.05	0
78406	0.0166667	0
78407	0.05	0
78765	0.0333333	0
78766	0.05	0
79000	0.0166667	0
79001	0.05	0
79586	0.0166667	0
79587	0.05	0
79951	0.0333333	0
79952	0.05	0
80180	0.0166667	0
80181	0.05	0
80776	0.0166667	0
80777	0.05	0
81079	0.0333333	0
81080	0.05	0
81362	0.0166667	0
81363	0.05	0
81960	0.0166667	0
81961	0.05	0
82247	0.0333333	0
82248	0.05	0
82526	0.0166667	0
82527	0.05	0
83121	0.0166667	0
83122	0.05	0
83326	0.0333333	0
83327	0.05	0
83778	0.0166667	0
83779	0.05	0
84402	0.0166667	0
84403	0.05	0
84509	0.0333333	0
84510	0.05	0
85136	0.0166667	0
85137	0.05	0
85681	0.0166667	0
85682	0.05	0
85827	0.0333333	0
85828	0.05	0
86273	0.0166667	0
86274	0.05	0
86857	0.0166667	0
86858	0.05	0
87078	0.0333333	0
87079	0.05	0
87474	0.0166667	0
87475	0.05	0
87548	0.0166667	0
87549	0.05	0
88151	0.0166667	0
88152	0.05	0
88298	0.0333333	0
88299	0.05	0
88742	0.0333333	0
88743	0.05	0
88779	0.0166667	0
88780	0.05	0
89420	0.0166667	0
89421	0.05	0
89502	0.0333333	0
89503	0.05	0
90000	0.0166667	0
90001	0.05	0
90594	0.0166667	0
90595	0.05	0
90683	0.0333333	0
90684	0.05	0
91189	0.0166667	0
91190	0.05	0
91782	0.0166667	0
91783	0.05	0
91878	0.0333333	0
91879	0.05	0
92380	0.0166667	0
92381	0.05	0
92977	0.0166667	0
92978	0.05	0
93060	0.0333333	0
93061	0.05	0
93622	0.0166667	0
93623	0.05	0
94239	0.0166667	0
94240	0.05	0
94242	0.0333333	0
94243	0.05	0
94833	0.0166667	0
94834	0.05	0
95409	0.0333333	0
95410	0.05	0
95471	0.0166667	0
95472	0.05	0
96027	0.0166667	0
96028	0.05	0
96617	0.0166667	0
96618	0.05	0
96686	0.0333333	0
96687	0.05	0
97140	0.0166667	0
97141	0.05	0
97479	0.0166667	0
97480	0.05	0
97934	0.0333333	0
97935	0.05	0
98067	0.0166667	0
98068	0.05	0
98659	0.0166667	0
98660	0.05	0
98983	0.0333333	0
98984	0.05	0
99278	0.0166667	0
99279	0.05	0
99602	0.0333333	0
99603	0.05	0
99910	0.0166667	0
99911	0.05	0
100555	0.0166667	0
100556	0.05	0
100784	0.0333333	0
101146	6.93889e-18	0
