0	0	
5600	1	
5682	2	
5884	3	
6107	2	
6208	3	
6429	2	
6440	3	
6581	4	
6616	5	
6910	6	
6917	7	
6930	8	
7048	7	
7193	8	
7247	9	
7269	10	
7434	11	
7544	12	
7555	13	
7635	12	
7704	13	
7849	14	
8029	15	
8051	16	
8071	17	
8190	18	
8211	19	
8282	18	
8413	19	
8505	20	
8533	21	
8540	20	
8609	21	
8880	22	
8959	23	
8969	24	
9038	25	
9125	26	
9142	25	
9165	26	
9229	27	
9674	28	
9717	27	
9736	28	
9894	29	
10008	30	
10009	31	
10097	32	
10202	31	
10208	32	
10215	33	
10375	34	
10810	33	
11013	34	
11016	35	
11052	36	
11127	37	
11131	38	
11201	39	
11288	40	
11369	39	
11382	40	
11411	41	
11512	42	
11569	43	
11598	44	
11637	45	
11698	46	
11780	47	
11791	48	
11804	49	
11941	50	
11961	51	
11965	52	
11977	53	
11994	52	
12003	54	
12030	55	
12097	56	
12098	57	
12121	58	
12146	59	
12222	60	
12239	61	
12279	62	
12311	63	
12592	62	
12672	63	
12700	64	
12785	65	
12788	66	
12792	67	
12849	68	
12863	69	
12876	70	
12882	71	
12975	72	
13107	73	
13120	74	
13124	75	
13174	74	
13191	75	
13224	76	
13317	77	
13322	78	
13340	79	
13366	80	
13474	81	
13486	82	
13493	83	
13609	84	
13716	85	
13796	86	
13803	87	
13823	86	
13898	87	
13911	88	
13955	89	
13977	90	
13978	91	
14102	92	
14112	93	
14180	94	
14391	95	
14396	96	
14415	95	
14462	96	
14525	97	
14591	98	
14613	99	
14628	100	
14711	101	
14718	102	
14755	103	
14795	104	
14819	105	
14839	106	
14867	107	
14983	108	
14992	107	
15027	108	
15168	109	
15217	110	
15465	111	
15477	112	
15502	113	
15582	112	
15665	113	
15728	114	
15729	115	
15842	116	
15910	117	
16077	118	
16082	119	
16083	120	
16111	121	
16171	122	
16197	121	
16205	122	
16266	123	
16371	124	
16383	125	
16447	126	
16510	127	
16523	128	
16630	129	
16693	130	
16721	131	
16761	132	
16794	133	
16810	134	
16915	135	
16933	134	
17019	135	
17118	136	
17195	137	
17198	138	
17303	139	
17358	140	
17410	141	
17438	142	
17457	143	
17520	142	
17552	143	
17732	144	
17899	145	
18051	146	
18066	147	
18079	148	
18141	147	
18210	148	
18302	149	
18335	150	
18375	151	
18513	152	
18728	153	
18778	152	
18813	153	
18924	154	
18931	155	
18963	156	
19106	157	
19209	158	
19335	159	
19347	160	
19374	159	
19430	160	
19438	161	
19479	162	
19496	163	
19502	164	
19705	165	
19910	166	
19931	165	
19960	166	
19997	167	
20122	168	
20341	169	
20375	170	
20450	171	
20510	172	
20541	171	
20552	172	
21059	173	
21072	174	
21127	173	
21252	174	
21354	175	
21371	176	
21409	177	
21460	178	
21731	177	
21765	178	
21814	179	
21991	180	
22054	181	
22253	182	
22288	183	
22299	182	
22344	183	
22452	184	
22585	185	
22750	186	
22797	187	
22805	188	
22856	187	
22939	188	
23014	189	
23072	190	
23094	191	
23151	192	
23211	193	
23369	194	
23469	193	
23635	194	
23822	195	
23876	196	
23952	197	
24115	196	
24744	195	
24745	196	
24850	197	
24889	198	
24960	199	
25046	200	
25243	201	
25369	200	
25465	201	
25678	202	
25761	203	
25772	204	
25825	205	
25907	204	
26336	205	
26521	204	
27115	203	
27117	204	
27122	206	
27125	207	
27136	208	
27149	209	
27235	210	
27484	211	
27700	210	
27759	211	
27919	212	
28312	211	
28346	212	
28380	213	
28443	214	
28526	215	
28831	216	
28909	217	
28912	216	
29015	217	
29167	218	
29382	219	
29507	218	
29633	219	
29674	220	
29733	221	
29846	222	
30107	221	
30338	222	
30612	223	
30720	222	
30831	223	
30926	224	
30939	225	
30955	226	
31181	227	
31341	226	
31665	227	
31831	228	
31912	227	
32005	228	
32095	229	
32250	230	
32326	231	
32421	232	
32499	231	
32595	232	
32750	233	
32910	234	
33095	233	
33143	234	
33323	235	
33411	236	
33520	237	
33701	236	
33998	237	
34055	238	
34180	239	
34237	240	
34244	241	
34284	240	
34303	241	
34319	242	
34366	243	
34631	244	
34799	245	
34923	244	
34940	245	
35043	246	
35266	247	
35311	248	
35327	249	
35345	250	
35461	249	
35477	250	
35628	251	
35721	252	
36042	253	
36052	252	
36180	253	
36268	254	
36384	255	
36414	256	
36471	257	
36527	258	
36638	257	
36737	258	
36848	259	
36990	260	
37247	259	
37837	258	
38126	259	
38217	260	
38376	259	
38422	260	
38602	261	
38953	262	
38969	261	
39078	262	
39548	263	
39552	262	
39585	263	
39703	264	
39870	265	
40079	264	
40354	265	
40630	266	
40664	267	
40695	266	
41072	267	
41115	268	
41142	269	
41189	270	
41280	269	
41547	270	
41815	271	
41865	270	
42186	271	
42478	270	
42721	271	
42929	272	
42946	273	
43124	272	
43180	273	
43235	274	
43446	275	
43453	276	
43530	277	
43618	278	
43720	277	
43726	278	
44002	279	
44063	278	
44194	279	
44555	280	
44659	279	
45122	280	
45241	279	
45315	280	
45338	281	
45359	282	
45386	283	
45442	284	
45833	283	
46078	284	
46096	285	
46428	284	
46826	285	
46922	286	
47009	285	
47098	286	
47335	287	
47348	288	
47355	289	
47446	290	
47595	289	
47598	290	
47627	291	
47809	292	
47874	293	
47916	294	
47994	295	
48184	294	
48323	295	
48752	296	
48765	295	
48823	296	
48897	297	
48912	298	
49089	299	
49267	300	
49314	301	
49396	300	
49474	301	
49972	300	
50144	301	
50194	302	
50356	303	
50367	304	
50584	305	
50595	304	
51063	305	
51163	304	
51642	305	
51784	304	
51940	305	
51995	306	
52012	307	
52371	306	
52443	307	
52550	308	
52608	309	
52723	310	
52972	309	
53021	310	
53292	311	
53414	312	
53486	313	
53565	312	
54187	313	
54206	312	
54287	313	
54796	312	
54928	313	
54936	314	
54980	315	
55027	316	
55350	317	
55405	316	
55687	317	
55848	318	
56032	317	
56158	318	
56187	319	
56372	320	
56619	319	
56834	320	
56909	321	
57140	322	
57163	323	
57164	324	
57262	323	
57308	324	
57367	325	
57417	326	
57559	327	
57868	328	
57881	329	
57887	328	
58134	329	
58353	328	
58428	329	
58639	330	
58814	331	
58857	332	
58894	331	
58987	332	
59350	333	
59483	332	
59619	333	
59822	334	
59911	335	
60089	334	
60266	335	
60756	334	
61404	333	
61559	334	
61996	333	
62152	334	
62332	335	
62600	334	
62601	335	
62617	336	
63145	337	
63190	336	
63287	337	
63471	338	
63773	337	
64062	338	
64320	339	
64333	338	
64743	337	
64776	338	
64817	339	
65191	340	
65443	339	
65673	340	
65996	341	
66035	340	
66366	341	
66647	340	
66877	341	
66938	342	
67239	341	
67596	340	
67720	341	
67726	342	
67923	341	
68023	342	
68314	343	
68543	342	
68737	343	
69138	342	
69659	343	
69752	342	
69789	343	
69857	344	
69969	345	
70238	346	
70353	345	
70421	346	
70565	347	
70869	348	
70962	347	
71384	348	
71502	349	
71553	348	
72151	347	
72590	348	
72711	349	
72794	348	
72948	349	
73369	350	
73394	349	
74001	348	
74114	349	
74587	350	
74591	349	
74877	350	
75122	351	
75179	350	
75248	351	
75582	352	
75771	351	
75772	352	
76348	351	
76423	352	
76602	353	
76721	354	
76967	353	
77268	354	
77583	353	
78073	354	
78124	355	
78173	354	
78207	355	
78755	356	
78760	355	
79108	356	
79354	355	
79362	356	
79403	357	
79848	358	
79937	359	
79979	358	
80266	359	
80541	360	
80569	359	
80852	360	
80891	361	
80997	362	
81037	363	
81115	362	
81167	361	
81460	362	
81763	361	
81885	362	
82386	361	
82441	362	
82591	363	
82888	364	
82943	365	
83025	364	
83409	365	
83621	364	
83771	365	
84222	364	
84825	363	
84946	364	
84993	365	
85420	366	
85423	365	
86009	364	
86058	365	
86083	364	
86343	363	
86397	362	
86401	361	
86413	360	
86448	359	
86454	358	
86464	357	
86482	356	
86486	355	
86499	354	
86503	353	
86527	352	
86536	351	
86542	350	
86549	349	
86572	348	
86574	347	
86602	346	
86605	345	
86610	344	
86612	343	
86614	342	
86617	341	
86620	340	
86626	339	
86628	338	
86631	337	
86638	336	
86667	335	
86670	334	
86674	333	
86675	332	
86699	331	
86712	330	
86720	328	
86743	327	
86764	326	
86765	325	
86766	324	
86780	323	
86789	322	
86803	321	
86822	320	
86829	319	
86836	318	
86851	317	
86884	316	
86896	315	
86912	314	
86921	313	
86923	311	
86924	310	
86940	309	
86943	308	
86954	307	
86976	306	
86979	305	
86988	304	
86998	303	
87004	302	
87013	301	
87015	300	
87039	299	
87053	298	
87061	297	
87062	296	
87067	295	
87072	294	
87079	293	
87081	292	
87093	291	
87142	290	
87174	289	
87190	288	
87191	287	
87202	286	
87219	285	
87226	284	
87260	283	
87286	282	
87291	281	
87292	280	
87293	279	
87300	278	
87302	277	
87316	276	
87321	275	
87333	274	
87340	273	
87351	272	
87358	271	
87360	270	
87361	268	
87365	267	
87374	266	
87381	265	
87385	264	
87388	263	
87398	262	
87405	261	
87408	260	
87428	259	
87430	258	
87439	257	
87453	256	
87457	255	
87475	254	
87490	253	
87493	252	
87500	251	
87505	249	
87518	248	
87519	247	
87534	246	
87548	244	
87570	243	
87577	242	
87597	241	
87599	240	
87608	239	
87610	238	
87614	237	
87623	236	
87630	235	
87633	234	
87638	233	
87645	232	
87646	231	
87650	230	
87651	229	
87663	228	
87667	227	
87670	225	
87677	224	
87678	223	
87700	222	
87724	221	
87735	220	
87746	219	
87749	218	
87758	217	
87762	216	
87772	215	
87773	214	
87794	213	
87798	212	
87808	211	
87817	210	
87837	209	
87842	207	
87855	206	
87856	205	
87882	204	
87905	205	
87915	204	
87929	203	
87934	202	
87935	201	
87948	200	
87960	199	
87975	198	
87976	197	
87977	196	
87988	195	
87992	194	
88009	193	
88031	191	
88049	190	
88057	189	
88070	188	
88078	187	
88104	186	
88117	185	
88128	184	
88140	183	
88146	182	
88157	181	
88160	180	
88166	179	
88186	178	
88201	177	
88212	176	
88224	175	
88265	174	
88271	173	
88290	174	
88304	173	
88322	172	
88359	171	
88388	170	
88402	169	
88432	168	
88438	167	
88449	164	
88456	163	
88482	162	
88499	161	
88501	160	
88503	159	
88509	158	
88525	157	
88540	156	
88555	155	
88579	154	
88590	153	
88598	152	
88611	151	
88644	150	
88649	149	
88662	148	
88674	147	
88691	146	
88692	145	
88725	144	
88742	143	
88751	142	
88755	141	
88757	140	
88760	141	
88776	140	
88796	139	
88803	138	
88818	137	
88823	136	
88825	135	
88837	134	
88895	133	
88913	132	
88931	131	
88951	130	
88971	129	
88977	128	
88979	127	
89026	126	
89045	125	
89055	124	
89059	123	
89061	122	
89069	121	
89076	120	
89097	119	
89119	118	
89122	117	
89125	116	
89151	115	
89180	114	
89195	113	
89210	112	
89221	111	
89265	110	
89295	109	
89304	108	
89307	107	
89321	106	
89352	105	
89461	104	
89498	103	
89502	102	
89522	101	
89554	100	
89569	99	
89607	98	
89637	97	
89660	96	
89726	95	
89741	94	
89764	93	
89766	92	
89777	91	
89799	90	
89944	89	
89945	88	
89950	87	
89996	86	
90015	85	
90019	84	
90058	83	
90071	82	
90077	80	
90095	79	
90116	78	
90126	77	
90130	76	
90154	75	
90168	74	
90261	73	
90297	72	
90327	71	
90361	70	
90408	69	
90439	68	
90456	67	
90458	66	
90493	65	
90512	64	
90615	63	
90650	62	
90690	61	
90839	60	
90891	59	
90972	58	
91181	57	
91210	56	
91255	55	
91328	54	
91330	53	
91740	52	
91794	51	
91840	50	
91869	49	
91903	48	
91999	47	
92162	46	
92212	45	
92215	44	
92322	43	
92459	42	
92617	41	
92627	40	
92704	39	
92827	38	
93049	37	
93211	36	
93339	35	
93387	34	
93425	33	
93478	32	
93564	31	
93684	30	
93732	29	
93775	28	
94010	27	
94150	26	
94318	25	
94684	24	
94821	23	
94913	22	
95341	21	
95493	20	
95731	19	
96005	18	
96028	17	
96084	16	
96679	15	
97277	14	
97321	13	
97479	12	
97870	11	
98464	10	
98842	9	
99048	8	
99113	7	
99199	6	
99602	5	
99654	4	
100243	3	
100824	2	
100835	1	
101391	0	
