0	0	
5682	1	
5884	2	
6107	1	
6208	2	
6244	1	
6440	2	
6581	3	
6616	4	
6726	3	
6910	4	
6917	5	
6930	6	
7193	7	
7247	8	
7269	9	
7373	8	
7418	7	
7434	8	
7544	9	
7555	10	
7631	9	
7704	10	
7849	11	
8029	12	
8051	13	
8071	14	
8190	15	
8206	14	
8211	15	
8377	16	
8413	17	
8505	18	
8533	19	
8609	20	
8622	19	
8691	18	
8880	19	
8959	20	
8969	21	
9038	22	
9125	23	
9165	24	
9229	25	
9250	24	
9674	25	
9700	26	
9736	27	
9838	26	
9875	25	
9894	26	
10008	27	
10009	28	
10089	29	
10097	30	
10208	31	
10215	32	
10224	33	
10282	34	
10375	35	
10457	34	
10553	35	
11013	36	
11016	37	
11033	36	
11052	37	
11106	36	
11127	37	
11131	38	
11201	39	
11288	40	
11382	41	
11411	42	
11456	43	
11512	44	
11569	45	
11598	46	
11637	47	
11683	46	
11698	47	
11780	48	
11791	49	
11804	50	
11941	51	
11961	52	
11965	53	
11977	54	
12003	56	
12030	57	
12097	58	
12098	59	
12121	60	
12146	61	
12217	60	
12222	61	
12239	62	
12273	61	
12279	62	
12311	63	
12514	64	
12672	65	
12700	66	
12785	67	
12788	68	
12792	69	
12849	70	
12863	71	
12876	72	
12882	73	
12975	74	
13009	73	
13107	74	
13120	75	
13124	76	
13191	77	
13224	78	
13317	79	
13322	80	
13340	81	
13366	82	
13447	81	
13474	82	
13486	83	
13493	84	
13596	83	
13609	84	
13716	85	
13796	86	
13803	87	
13898	88	
13911	89	
13955	90	
13977	91	
13978	92	
14102	93	
14112	94	
14180	95	
14233	94	
14391	95	
14396	96	
14462	97	
14525	98	
14564	99	
14591	100	
14613	101	
14628	102	
14689	101	
14711	102	
14718	103	
14755	104	
14795	105	
14819	106	
14829	105	
14839	106	
14867	107	
14983	108	
15027	109	
15054	110	
15135	111	
15168	112	
15217	113	
15386	112	
15465	113	
15477	114	
15502	115	
15557	116	
15665	117	
15728	118	
15729	119	
15842	120	
15910	121	
15938	120	
15996	119	
16077	120	
16082	121	
16083	122	
16111	123	
16171	124	
16205	125	
16266	126	
16371	127	
16383	128	
16447	129	
16510	130	
16523	131	
16600	130	
16630	131	
16693	132	
16721	133	
16761	134	
16794	135	
16810	136	
16915	137	
17019	138	
17109	137	
17118	138	
17168	137	
17195	138	
17198	139	
17303	140	
17358	141	
17410	142	
17438	143	
17457	144	
17781	143	
17899	144	
18051	145	
18066	146	
18079	147	
18088	148	
18210	149	
18222	148	
18264	149	
18302	150	
18335	151	
18375	152	
18427	151	
18513	152	
18728	153	
18924	154	
18931	155	
18963	156	
19052	155	
19106	156	
19335	157	
19347	158	
19354	159	
19430	160	
19438	161	
19479	162	
19480	161	
19496	162	
19502	163	
19590	162	
19705	163	
19733	164	
19910	165	
19997	166	
20122	167	
20184	166	
20233	167	
20341	168	
20375	169	
20450	170	
20510	171	
20552	172	
20708	171	
20778	170	
21072	171	
21252	172	
21354	173	
21371	174	
21374	175	
21390	174	
21409	175	
21460	176	
21765	177	
21814	178	
21877	177	
21990	176	
21991	177	
22054	178	
22253	179	
22288	180	
22344	181	
22409	182	
22452	183	
22585	183	
22750	184	
22797	185	
22939	186	
23014	187	
23072	188	
23094	189	
23130	188	
23148	189	
23151	190	
23185	189	
23211	190	
23369	191	
23635	192	
23791	191	
23846	192	
23876	193	
24083	194	
24179	195	
24212	194	
24355	193	
24429	194	
24726	195	
24778	196	
24833	195	
24850	196	
24889	197	
24960	198	
25243	199	
25404	198	
25465	199	
25539	198	
25678	199	
25761	200	
25772	201	
25905	202	
25991	201	
26303	202	
26433	203	
26479	204	
26576	205	
26597	204	
26730	203	
26857	204	
27019	205	
27117	206	
27122	208	
27149	209	
27180	208	
27524	209	
27610	210	
27711	211	
27718	210	
27766	211	
27919	212	
27958	213	
28007	212	
28113	213	
28225	214	
28309	213	
28380	214	
28443	215	
28500	216	
28512	217	
28526	218	
28640	219	
28713	220	
28738	221	
28901	220	
28973	221	
29167	222	
29178	221	
29352	222	
29382	223	
29510	222	
29549	223	
29622	224	
29633	225	
29846	226	
29852	227	
29973	228	
30049	227	
30067	228	
30296	229	
30302	230	
30338	231	
30358	230	
30450	231	
30562	232	
30642	231	
30831	232	
30954	233	
30955	234	
30977	235	
31013	236	
31169	235	
31303	236	
31524	235	
31665	236	
31785	235	
31874	236	
31943	237	
31985	238	
32048	239	
32095	240	
32250	241	
32370	240	
32421	241	
32595	242	
32694	241	
32768	242	
32983	241	
33102	242	
33346	243	
33411	244	
33579	243	
33609	244	
33825	245	
33922	244	
33986	243	
34009	244	
34055	245	
34150	246	
34180	247	
34211	248	
34225	249	
34244	250	
34247	251	
34319	252	
34366	253	
34518	252	
34547	253	
34937	254	
35110	253	
35149	252	
35168	253	
35171	254	
35266	255	
35368	256	
35477	257	
35628	258	
35705	257	
35721	258	
35723	259	
35809	260	
35830	261	
35940	262	
36042	263	
36287	264	
36291	263	
36310	262	
36367	263	
36511	264	
36692	265	
36736	266	
36757	267	
36880	266	
36925	267	
37075	268	
37231	269	
37387	270	
37472	269	
37511	268	
37526	269	
37791	270	
38101	269	
38187	270	
38193	271	
38243	272	
38278	273	
38305	274	
38422	275	
38429	276	
38450	277	
38624	276	
38724	275	
38736	276	
38796	277	
38967	278	
39026	279	
39248	280	
39256	281	
39265	282	
39320	283	
39345	282	
39759	281	
39776	282	
39824	283	
39932	282	
40525	281	
40581	282	
40948	283	
40961	282	
41033	283	
41115	284	
41142	285	
41146	286	
41166	285	
41331	286	
41334	287	
41617	288	
41775	287	
41968	288	
41989	289	
42140	288	
42143	289	
42402	288	
42410	289	
43045	288	
43180	289	
43181	290	
43313	289	
43338	290	
43364	291	
43670	290	
44211	289	
44245	288	
44337	289	
44800	288	
44851	289	
45122	290	
45456	289	
45467	288	
45613	289	
45726	290	
45782	291	
45864	292	
45946	293	
46018	294	
46059	293	
46131	294	
46457	295	
46584	296	
46663	295	
46690	296	
46751	295	
46804	296	
46826	297	
47159	298	
47253	297	
47598	298	
47618	299	
47668	300	
47813	299	
47832	300	
47917	299	
47941	300	
47994	301	
47998	302	
48190	303	
48223	302	
48359	303	
48815	302	
48986	303	
49026	304	
49058	305	
49089	306	
49316	305	
49427	304	
49474	305	
49555	306	
49758	307	
49903	308	
49912	309	
49951	310	
50111	309	
50499	308	
50731	307	
50742	308	
50816	309	
50964	310	
51011	311	
51345	310	
51376	311	
51451	312	
51529	313	
51689	312	
51846	313	
51902	314	
51946	313	
52012	314	
52044	315	
52408	316	
52451	317	
52537	316	
52562	317	
52590	318	
52642	319	
52867	320	
52906	319	
53135	318	
53174	319	
53274	320	
53450	321	
53456	322	
53464	323	
53673	324	
53723	325	
53785	324	
53940	325	
54191	324	
54274	325	
54385	324	
54808	325	
54969	326	
54975	325	
55073	326	
55122	327	
55137	328	
55176	329	
55405	328	
55563	327	
55705	328	
55848	329	
56140	328	
56167	329	
56264	330	
56589	329	
56627	330	
56729	331	
56744	332	
56759	331	
56843	332	
56916	333	
56963	334	
56968	335	
57075	336	
57349	335	
57417	336	
57462	337	
57623	338	
57821	337	
57896	338	
57936	337	
58038	338	
58141	339	
58289	340	
58561	339	
58639	340	
59008	339	
59151	338	
59163	339	
59191	340	
59350	341	
59357	342	
59365	343	
59379	344	
59518	345	
59741	344	
59835	345	
59879	346	
60208	347	
60238	348	
60253	349	
60257	350	
60261	349	
60266	350	
60339	349	
60394	350	
60835	351	
60945	352	
60962	351	
61378	352	
61399	353	
61453	352	
61545	353	
61559	354	
61601	353	
62197	352	
62268	353	
62613	354	
62656	353	
62798	352	
62868	353	
63178	354	
63287	355	
63396	354	
63862	353	
63982	352	
64167	353	
64582	352	
65096	351	
65198	350	
65383	351	
65673	352	
65805	351	
66142	352	
66168	353	
66193	354	
66264	353	
66326	354	
66388	355	
66401	354	
66516	355	
66553	356	
66642	357	
66675	358	
66877	359	
66938	360	
66994	359	
67113	360	
67130	361	
67431	360	
67499	361	
67581	360	
67880	361	
67886	362	
67969	363	
68165	362	
68314	363	
68337	364	
68642	363	
68751	362	
69107	363	
69342	362	
69438	363	
69789	364	
69827	365	
69833	364	
69894	363	
70161	364	
70184	365	
70522	364	
70526	365	
70603	366	
70698	365	
70869	366	
70895	367	
71182	366	
71384	367	
71626	366	
71792	365	
71866	366	
71915	367	
72460	366	
72590	367	
72654	368	
72692	369	
72711	370	
72752	371	
72783	370	
72846	371	
73057	370	
73066	371	
73261	372	
73323	373	
73517	374	
73625	375	
73655	374	
73866	375	
73993	374	
74114	375	
74248	374	
74587	375	
74625	376	
74831	375	
74892	376	
75163	375	
75198	376	
75325	377	
75422	376	
75486	377	
75900	378	
76008	377	
76019	378	
76083	377	
76248	378	
76332	377	
76471	378	
76546	379	
76590	380	
76592	379	
76602	380	
76677	381	
76723	382	
77223	381	
77545	382	
77604	381	
77690	382	
77824	381	
77962	382	
77992	383	
78226	384	
78407	383	
78538	384	
78682	385	
78755	386	
78766	385	
78795	386	
79001	385	
79106	386	
79587	385	
79708	386	
79952	385	
80181	384	
80480	385	
80511	386	
80777	385	
80808	386	
80817	387	
80822	388	
80843	389	
80852	390	
80873	391	
81080	390	
81115	389	
81133	390	
81363	389	
81653	390	
81961	389	
82248	388	
82272	389	
82314	390	
82527	389	
82573	390	
82616	391	
83122	390	
83327	389	
83419	390	
83557	389	
83646	390	
83779	389	
83800	390	
84043	391	
84299	392	
84353	393	
84403	392	
84510	391	
84558	392	
84636	393	
84964	394	
85137	393	
85225	394	
85528	393	
85682	392	
85828	391	
85838	392	
85969	393	
85987	394	
86086	395	
86274	394	
86343	393	
86397	392	
86423	391	
86437	390	
86448	389	
86454	388	
86464	387	
86475	386	
86486	386	
86499	385	
86501	384	
86503	383	
86507	382	
86519	383	
86527	382	
86532	381	
86541	380	
86542	379	
86546	378	
86549	377	
86572	376	
86574	375	
86577	374	
86601	373	
86602	372	
86605	371	
86610	370	
86612	369	
86614	368	
86620	367	
86628	366	
86631	365	
86638	364	
86670	363	
86673	362	
86674	361	
86675	360	
86699	359	
86712	358	
86720	356	
86743	355	
86765	354	
86766	353	
86780	352	
86790	351	
86803	350	
86809	349	
86822	348	
86829	347	
86835	346	
86836	345	
86851	344	
86858	343	
86884	342	
86888	341	
86889	340	
86896	339	
86906	338	
86912	337	
86916	338	
86918	337	
86921	336	
86923	335	
86924	334	
86940	333	
86943	332	
86954	331	
86955	330	
86976	329	
86988	328	
86998	327	
87001	326	
87004	325	
87013	324	
87015	323	
87025	322	
87039	321	
87053	320	
87062	319	
87067	318	
87069	317	
87072	316	
87075	317	
87079	315	
87081	314	
87107	313	
87142	312	
87166	311	
87174	310	
87177	311	
87190	310	
87191	309	
87202	308	
87219	307	
87253	306	
87260	305	
87290	304	
87291	303	
87292	302	
87293	301	
87300	300	
87302	299	
87316	298	
87320	297	
87321	296	
87325	295	
87333	294	
87351	293	
87358	292	
87360	291	
87361	290	
87365	289	
87374	288	
87381	287	
87385	286	
87398	285	
87405	284	
87420	283	
87428	282	
87429	281	
87439	280	
87453	279	
87457	278	
87475	276	
87492	277	
87493	276	
87505	275	
87518	274	
87519	273	
87528	272	
87529	271	
87534	270	
87547	269	
87548	268	
87549	267	
87570	266	
87597	265	
87599	264	
87610	263	
87614	262	
87623	261	
87630	260	
87638	259	
87645	258	
87646	257	
87650	256	
87651	255	
87663	254	
87666	253	
87670	251	
87671	252	
87678	251	
87694	250	
87698	249	
87700	248	
87724	247	
87735	246	
87744	245	
87747	244	
87749	243	
87758	242	
87762	241	
87772	240	
87781	241	
87794	240	
87798	239	
87808	238	
87826	237	
87837	236	
87842	235	
87855	234	
87856	233	
87882	232	
87915	231	
87931	230	
87934	229	
87935	228	
87960	227	
87966	226	
87975	225	
87976	224	
87988	222	
88009	221	
88013	220	
88031	218	
88049	217	
88057	216	
88063	215	
88069	214	
88070	213	
88078	212	
88080	210	
88104	209	
88112	208	
88117	207	
88128	206	
88152	205	
88157	204	
88166	203	
88186	202	
88193	203	
88201	202	
88215	201	
88224	200	
88265	199	
88271	198	
88299	197	
88301	196	
88304	195	
88307	194	
88318	193	
88322	192	
88359	191	
88388	190	
88432	189	
88438	188	
88449	187	
88482	186	
88484	185	
88499	184	
88501	183	
88503	182	
88509	181	
88525	180	
88536	179	
88540	178	
88555	177	
88557	176	
88590	175	
88598	174	
88626	173	
88644	172	
88649	171	
88674	170	
88691	169	
88692	168	
88718	167	
88720	166	
88725	165	
88743	164	
88751	163	
88755	162	
88757	161	
88776	160	
88780	159	
88786	158	
88796	157	
88803	156	
88811	155	
88825	154	
88837	153	
88861	152	
88890	151	
88895	150	
88951	149	
88959	148	
88966	147	
88977	146	
88979	145	
88981	144	
89026	143	
89045	142	
89059	141	
89076	140	
89097	139	
89119	138	
89122	137	
89125	136	
89151	135	
89176	134	
89180	133	
89195	132	
89209	131	
89210	130	
89215	129	
89233	128	
89265	127	
89295	126	
89304	125	
89307	124	
89321	123	
89352	122	
89391	121	
89421	120	
89461	119	
89498	118	
89499	117	
89503	116	
89522	115	
89569	114	
89584	113	
89660	112	
89663	111	
89708	110	
89741	109	
89764	108	
89766	107	
89770	106	
89777	105	
89795	104	
89799	103	
89812	102	
89944	101	
89974	100	
89992	99	
89996	98	
90001	97	
90019	96	
90046	95	
90057	94	
90058	93	
90077	92	
90095	91	
90116	90	
90126	89	
90130	88	
90290	87	
90297	86	
90327	85	
90361	84	
90397	83	
90408	82	
90421	81	
90456	80	
90458	79	
90493	78	
90589	77	
90595	76	
90615	75	
90684	74	
90690	73	
90839	71	
90870	70	
90891	69	
91156	68	
91190	67	
91314	66	
91328	65	
91330	64	
91341	63	
91395	62	
91465	61	
91557	60	
91783	59	
91794	58	
91879	57	
91903	56	
91999	55	
92097	54	
92162	53	
92212	52	
92322	51	
92381	50	
92569	49	
92704	48	
92827	47	
92872	46	
92953	45	
92978	44	
93061	43	
93213	42	
93339	41	
93346	40	
93387	39	
93422	38	
93425	37	
93478	36	
93564	35	
93623	34	
93643	33	
93684	32	
93775	31	
94010	30	
94240	29	
94243	28	
94292	27	
94500	26	
94684	25	
94821	24	
94834	23	
94861	22	
95204	21	
95410	20	
95472	19	
95550	18	
95731	17	
96005	16	
96028	15	
96618	14	
96687	13	
97083	12	
97141	11	
97480	10	
97935	9	
98068	8	
98660	7	
98842	6	
98984	5	
99113	4	
99279	3	
99603	2	
99911	1	
100556	0	
