time	energy	cost
0	0	0
1527	0.0333333	0
1687	0	0
3600	0.0333333	0
3789	0.0666667	0
3911	0.0333333	0
4192	0	0
4575	0.0333333	0
4931	0.0666667	0
5201	0.0333333	0
5289	0.0666667	0
5411	0.1	0
5590	0.0666667	0
5780	0.0333333	0
5929	1.38778e-17	0
5996	0.0333333	0
6026	0.0666667	0
6385	0.0333333	0
6469	0.0666667	0
6480	0.1	0
6582	0.133333	0
6613	0.1	0
6751	0.133333	0
6771	0.166667	0
6823	0.2	0
6868	0.166667	0
6914	0.2	0
7132	0.233333	0
7136	0.2	0
7170	0.166667	0
7269	0.133333	0
7319	0.166667	0
7322	0.2	0
7344	0.166667	0
7390	0.2	0
7403	0.166667	0
7520	0.133333	0
7539	0.166667	0
7592	0.2	0
7603	0.233333	0
7615	0.266667	0
7673	0.3	0
7753	0.333333	0
7835	0.366667	0
7921	0.333333	0
7948	0.3	0
7984	0.333333	0
8026	0.3	0
8138	0.266667	0
8190	0.233333	0
8213	0.2	0
8217	0.166667	0
8225	0.133333	0
8260	0.1	0
8297	0.133333	0
8362	0.1	0
8387	0.133333	0
8447	0.1	0
8500	0.133333	0
8535	0.166667	0
8579	0.2	0
8597	0.166667	0
8736	0.2	0
8745	0.233333	0
8816	0.266667	0
8935	0.233333	0
8943	0.2	0
8998	0.233333	0
9003	0.2	0
9033	0.166667	0
9060	0.2	0
9072	0.233333	0
9184	0.2	0
9227	0.233333	0
9236	0.266667	0
9279	0.3	0
9288	0.333333	0
9433	0.3	0
9447	0.333333	0
9451	0.366667	0
9458	0.4	0
9522	0.366667	0
9537	0.333333	0
9568	0.366667	0
9585	0.333333	0
9622	0.366667	0
9640	0.4	0
9663	0.366667	0
9665	0.333333	0
9673	0.3	0
9712	0.333333	0
9725	0.366667	0
9832	0.4	0
9835	0.366667	0
9867	0.4	0
9909	0.433333	0
10010	0.466667	0
10021	0.5	0
10040	0.533333	0
10048	0.5	0
10082	0.466667	0
10088	0.433333	0
10094	0.4	0
10117	0.433333	0
10120	0.4	0
10173	0.433333	0
10187	0.466667	0
10204	0.433333	0
10254	0.4	0
10298	0.366667	0
10309	0.333333	0
10410	0.366667	0
10411	0.333333	0
10484	0.3	0
10486	0.333333	0
10487	0.3	0
10504	0.266667	0
10604	0.233333	0
10611	0.266667	0
10704	0.233333	0
10777	0.166667	0
10783	0.133333	0
10793	0.1	0
10903	0.0666667	0
10979	0.1	0
11041	0.133333	0
11082	0.1	0
11211	0.0666667	0
11235	0.1	0
11243	0.133333	0
11337	0.166667	0
11373	0.2	0
11411	0.233333	0
11587	0.2	0
11626	0.233333	0
11672	0.2	0
11691	0.233333	0
11810	0.266667	0
11836	0.233333	0
11839	0.2	0
11851	0.233333	0
11855	0.2	0
11968	0.166667	0
12050	0.133333	0
12161	0.166667	0
12249	0.133333	0
12298	0.1	0
12306	0.133333	0
12348	0.166667	0
12384	0.2	0
12475	0.166667	0
12513	0.133333	0
12526	0.166667	0
12561	0.2	0
12578	0.233333	0
12644	0.266667	0
12821	0.3	0
12839	0.266667	0
12886	0.233333	0
12915	0.266667	0
12923	0.3	0
12997	0.266667	0
13006	0.233333	0
13012	0.266667	0
13045	0.3	0
13148	0.333333	0
13150	0.3	0
13155	0.333333	0
13188	0.366667	0
13194	0.333333	0
13247	0.3	0
13256	0.333333	0
13271	0.366667	0
13314	0.4	0
13359	0.366667	0
13410	0.333333	0
13533	0.3	0
13604	0.333333	0
13623	0.366667	0
13637	0.333333	0
13669	0.366667	0
13674	0.333333	0
13708	0.366667	0
13754	0.333333	0
13828	0.3	0
13831	0.266667	0
13835	0.233333	0
13922	0.2	0
13928	0.166667	0
13943	0.2	0
13966	0.233333	0
14121	0.266667	0
14149	0.233333	0
14291	0.266667	0
14315	0.233333	0
14326	0.2	0
14366	0.166667	0
14383	0.2	0
14522	0.166667	0
14557	0.133333	0
14619	0.166667	0
14631	0.2	0
14632	0.166667	0
14681	0.2	0
14695	0.166667	0
14732	0.2	0
14795	0.233333	0
14808	0.3	0
14862	0.333333	0
14956	0.366667	0
14981	0.333333	0
14983	0.3	0
15149	0.333333	0
15171	0.3	0
15172	0.333333	0
15231	0.3	0
15303	0.333333	0
15313	0.3	0
15348	0.266667	0
15381	0.3	0
15411	0.266667	0
15460	0.3	0
15474	0.266667	0
15526	0.233333	0
15559	0.2	0
15592	0.233333	0
15594	0.266667	0
15601	0.233333	0
15727	0.266667	0
15774	0.233333	0
15786	0.2	0
15800	0.233333	0
15814	0.266667	0
15909	0.233333	0
15957	0.2	0
16032	0.166667	0
16054	0.2	0
16144	0.233333	0
16168	0.266667	0
16216	0.233333	0
16258	0.2	0
16357	0.166667	0
16365	0.2	0
16419	0.166667	0
16420	0.133333	0
16443	0.166667	0
16509	0.2	0
16648	0.2	0
16661	0.233333	0
16706	0.266667	0
16711	0.3	0
16773	0.333333	0
16774	0.3	0
16818	0.333333	0
16833	0.3	0
16893	0.333333	0
16916	0.366667	0
16950	0.4	0
16961	0.433333	0
17010	0.4	0
17052	0.366667	0
17135	0.333333	0
17218	0.366667	0
17254	0.4	0
17256	0.433333	0
17263	0.4	0
17289	0.366667	0
17325	0.333333	0
17354	0.3	0
17367	0.266667	0
17396	0.3	0
17469	0.333333	0
17496	0.366667	0
17505	0.333333	0
17517	0.366667	0
17533	0.333333	0
17544	0.3	0
17552	0.266667	0
17577	0.233333	0
17591	0.266667	0
17692	0.3	0
17748	0.266667	0
17823	0.3	0
17876	0.266667	0
17918	0.233333	0
18009	0.2	0
18120	0.166667	0
18144	0.133333	0
18166	0.1	0
18189	0.0666667	0
18294	0.0333333	0
18425	9.71445e-17	0
18551	0.0333333	0
18592	0.0666667	0
18601	0.1	0
18728	0.133333	0
18745	0.166667	0
18982	0.2	0
19086	0.233333	0
19119	0.266667	0
19210	0.233333	0
19216	0.2	0
19230	0.233333	0
19269	0.2	0
19340	0.166667	0
19355	0.133333	0
19473	0.166667	0
19477	0.2	0
19638	0.166667	0
19663	0.2	0
19827	0.166667	0
19829	0.133333	0
19880	0.1	0
19962	0.133333	0
20008	0.166667	0
20101	0.133333	0
20134	0.166667	0
20267	0.2	0
20270	0.233333	0
20282	0.2	0
20292	0.233333	0
20323	0.2	0
20593	0.233333	0
20602	0.2	0
20618	0.166667	0
20729	0.133333	0
20753	0.166667	0
20766	0.2	0
20833	0.166667	0
20863	0.133333	0
20926	0.1	0
20929	0.133333	0
21244	0.1	0
21300	0.0666667	0
21413	0.0333333	0
21645	9.71445e-17	0
21655	0.0333333	0
21793	0.0666667	0
21818	0.1	0
21854	0.133333	0
21938	0.166667	0
22009	0.133333	0
22254	0.1	0
22295	0.133333	0
22317	0.166667	0
22329	0.2	0
22427	0.166667	0
22464	0.133333	0
22553	0.1	0
22661	0.133333	0
22851	0.166667	0
22884	0.133333	0
22890	0.166667	0
22906	0.2	0
22918	0.166667	0
22927	0.133333	0
22946	0.166667	0
23122	0.2	0
23157	0.233333	0
23176	0.2	0
23208	0.233333	0
23279	0.266667	0
23535	0.233333	0
23555	0.2	0
23568	0.233333	0
23586	0.2	0
23608	0.166667	0
23684	0.133333	0
23856	0.166667	0
23881	0.133333	0
23885	0.1	0
24011	0.0666667	0
24042	0.1	0
24131	0.0666667	0
24396	0.0333333	0
24648	9.71445e-17	0
24963	0.0333333	0
25108	0.0666667	0
25133	0.1	0
25141	0.133333	0
25456	0.166667	0
25511	0.133333	0
25539	0.166667	0
25559	0.2	0
25580	0.233333	0
25666	0.2	0
25668	0.233333	0
25720	0.266667	0
25748	0.233333	0
25763	0.2	0
26000	0.233333	0
26031	0.2	0
26114	0.166667	0
26163	0.133333	0
26250	0.1	0
26265	0.133333	0
26272	0.166667	0
26289	0.133333	0
26361	0.1	0
26545	0.166667	0
26636	0.2	0
26750	0.233333	0
26767	0.2	0
26814	0.233333	0
26865	0.2	0
26867	0.166667	0
26878	0.2	0
26953	0.233333	0
26969	0.2	0
26985	0.233333	0
27142	0.266667	0
27155	0.266667	0
27284	0.3	0
27320	0.266667	0
27325	0.3	0
27372	0.266667	0
27447	0.233333	0
27483	0.2	0
27583	0.166667	0
27658	0.133333	0
27751	0.1	0
27772	0.0666667	0
27785	0.1	0
27883	0.133333	0
27915	0.166667	0
27950	0.133333	0
27952	0.1	0
27992	0.133333	0
28141	0.166667	0
28409	0.133333	0
28424	0.1	0
28519	0.133333	0
28526	0.1	0
28531	0.0666667	0
28546	0.1	0
28561	0.133333	0
28692	0.1	0
28803	0.133333	0
28994	0.166667	0
29000	0.133333	0
29150	0.1	0
29174	0.0666667	0
29418	0.0333333	0
29598	9.71445e-17	0
30128	0.0333333	0
30365	0.0666667	0
30572	0.0333333	0
30776	0.0666667	0
30914	0.1	0
30935	0.133333	0
31019	0.1	0
31040	0.133333	0
31104	0.166667	0
31359	0.133333	0
31433	0.166667	0
31552	0.133333	0
31582	0.1	0
31657	0.0666667	0
31744	0.1	0
31916	0.133333	0
31948	0.166667	0
31964	0.133333	0
32050	0.166667	0
32081	0.133333	0
32092	0.166667	0
32340	0.133333	0
32467	0.166667	0
32515	0.133333	0
32576	0.1	0
32598	0.133333	0
32717	0.1	0
32762	0.0666667	0
32904	0.1	0
32905	0.133333	0
33072	0.1	0
33273	0.133333	0
33324	0.1	0
33466	0.0666667	0
33467	0.0333333	0
33479	0.0666667	0
33484	0.1	0
33535	0.133333	0
33606	0.166667	0
33888	0.2	0
33936	0.166667	0
34022	0.2	0
34099	0.166667	0
34121	0.133333	0
34141	0.166667	0
34208	0.133333	0
34214	0.1	0
34489	0.0666667	0
34621	0.0333333	0
34688	0.0666667	0
34823	0.0333333	0
35064	0.0666667	0
35143	0.1	0
35148	0.133333	0
35268	0.1	0
35360	0.133333	0
35686	0.1	0
35688	0.133333	0
35734	0.166667	0
35754	0.133333	0
35867	0.166667	0
35907	0.133333	0
35956	0.1	0
35994	0.133333	0
35999	0.166667	0
36066	0.2	0
36184	0.233333	0
36255	0.266667	0
36275	0.233333	0
36302	0.266667	0
36333	0.233333	0
36470	0.2	0
36539	0.233333	0
36621	0.2	0
36663	0.166667	0
36741	0.2	0
36769	0.166667	0
36800	0.133333	0
36825	0.166667	0
36856	0.133333	0
36910	0.1	0
37017	0.133333	0
37094	0.166667	0
37120	0.133333	0
37123	0.166667	0
37403	0.133333	0
37418	0.166667	0
37426	0.133333	0
37497	0.166667	0
37498	0.2	0
37543	0.233333	0
37661	0.2	0
37662	0.233333	0
37735	0.2	0
37741	0.233333	0
37751	0.2	0
37962	0.166667	0
38110	0.2	0
38122	0.166667	0
38130	0.133333	0
38245	0.1	0
38324	0.0666667	0
38337	0.1	0
38383	0.0666667	0
38469	0.0333333	0
38608	0.0666667	0
38625	0.1	0
38756	0.0666667	0
38883	0.1	0
38981	0.133333	0
39114	0.166667	0
39210	0.133333	0
39267	0.1	0
39329	0.133333	0
39490	0.1	0
39592	0.0666667	0
39699	0.1	0
39713	0.0666667	0
39814	0.1	0
39931	0.133333	0
39940	0.1	0
40184	0.133333	0
40376	0.1	0
40389	0.0666667	0
40445	0.1	0
40470	0.0666667	0
40611	0.1	0
40814	0.0666667	0
41091	0.0333333	0
41177	9.71445e-17	0
41551	0.0333333	0
41840	0.0666667	0
42159	0.0333333	0
42261	0.0666667	0
42382	0.1	0
42471	0.0666667	0
42644	0.1	0
42919	0.0666667	0
42937	0.1	0
42958	0.0666667	0
43001	0.1	0
43253	0.0666667	0
43400	0.1	0
43523	0.0666667	0
43550	0.1	0
43604	0.133333	0
43632	0.1	0
43948	0.133333	0
44008	0.166667	0
44024	0.133333	0
44049	0.166667	0
44148	0.133333	0
44151	0.1	0
44312	0.0666667	0
44404	0.1	0
44408	0.133333	0
44412	0.166667	0
44458	0.133333	0
44787	0.1	0
45008	0.0666667	0
45031	0.0333333	0
45041	9.71445e-17	0
45138	0.0333333	0
45475	9.71445e-17	0
45670	0.0333333	0
46102	0.0666667	0
46153	0.1	0
46282	0.0666667	0
46425	0.1	0
46718	0.0666667	0
46841	0.0666667	0
46901	0.1	0
46977	0.133333	0
47038	0.1	0
47140	0.133333	0
47148	0.166667	0
47194	0.2	0
47217	0.233333	0
47245	0.2	0
47278	0.233333	0
47403	0.266667	0
47449	0.233333	0
47503	0.266667	0
47694	0.233333	0
47742	0.2	0
47750	0.166667	0
47755	0.2	0
47764	0.233333	0
47767	0.266667	0
47781	0.233333	0
47812	0.266667	0
47816	0.233333	0
47894	0.2	0
47973	0.166667	0
48017	0.133333	0
48022	0.166667	0
48270	0.2	0
48324	0.166667	0
48352	0.133333	0
48365	0.1	0
48409	0.133333	0
48432	0.1	0
48576	0.0666667	0
48791	0.1	0
48838	0.0666667	0
48889	0.1	0
48976	0.0666667	0
49164	0.1	0
49373	0.0666667	0
49516	0.0333333	0
49780	9.71445e-17	0
50182	0.0333333	0
50596	0.0666667	0
50598	0.1	0
50774	0.133333	0
50799	0.1	0
51095	0.133333	0
51136	0.166667	0
51178	0.2	0
51182	0.166667	0
51270	0.133333	0
51289	0.166667	0
51391	0.133333	0
51668	0.166667	0
51696	0.2	0
51706	0.166667	0
51760	0.133333	0
51807	0.1	0
51931	0.0666667	0
52207	0.1	0
52250	0.0666667	0
52282	0.0333333	0
52825	9.71445e-17	0
53321	0.0333333	0
53977	9.71445e-17	0
53980	0.0333333	0
54107	0.0666667	0
54576	0.0333333	0
54674	0.0666667	0
54716	0.0333333	0
54755	0.0666667	0
54886	0.1	0
55268	0.0666667	0
55377	0.0333333	0
55461	9.71445e-17	0
55755	0.0333333	0
56194	0.0666667	0
56331	0.1	0
56365	0.0666667	0
56463	0.1	0
56601	0.133333	0
56605	0.166667	0
56735	0.2	0
56892	0.166667	0
56929	0.133333	0
57029	0.1	0
57089	0.133333	0
57101	0.166667	0
57149	0.2	0
57152	0.233333	0
57190	0.266667	0
57210	0.233333	0
57255	0.2	0
57293	0.166667	0
57390	0.2	0
57484	0.233333	0
57511	0.266667	0
57618	0.3	0
57654	0.266667	0
57659	0.233333	0
57701	0.2	0
57933	0.166667	0
57953	0.2	0
58004	0.166667	0
58026	0.133333	0
58063	0.1	0
58126	0.133333	0
58191	0.1	0
58224	0.0666667	0
58244	0.1	0
58562	0.0666667	0
58726	0.0666667	0
58870	0.0333333	0
59107	0.0666667	0
59346	0.0333333	0
59390	0.0666667	0
59698	0.0333333	0
59927	0.0666667	0
60001	0.1	0
60020	0.0666667	0
60173	0.1	0
60544	0.0666667	0
60732	0.0333333	0
60776	0.0666667	0
60905	0.1	0
60980	0.0666667	0
61394	0.0333333	0
61512	9.71445e-17	0
61722	0.0333333	0
61827	0.0666667	0
62111	0.1	0
62336	0.0666667	0
62442	0.0333333	0
62645	0.0666667	0
62882	0.0333333	0
63221	9.71445e-17	0
63227	0.0333333	0
63479	0.0666667	0
63515	0.1	0
63844	0.133333	0
63848	0.166667	0
63926	0.133333	0
64047	0.166667	0
64116	0.133333	0
64121	0.1	0
64446	0.0666667	0
64457	0.0333333	0
64491	0.0666667	0
64692	0.0333333	0
64942	9.71445e-17	0
65157	0.0333333	0
65234	0.0666667	0
65351	0.1	0
65767	0.133333	0
65844	0.1	0
65882	0.0666667	0
65916	0.1	0
65971	0.0666667	0
65976	0.1	0
66431	0.0666667	0
66437	0.0333333	0
66521	0.0666667	0
66528	0.0333333	0
66863	0.0666667	0
67025	0.1	0
67032	0.133333	0
67163	0.1	0
67177	0.133333	0
67203	0.166667	0
67258	0.2	0
67492	0.166667	0
67645	0.1	0
67770	0.0666667	0
67783	0.0333333	0
67882	9.71445e-17	0
68222	0.0333333	0
68307	0.0666667	0
68641	0.1	0
68692	0.133333	0
68806	0.1	0
68808	0.133333	0
68922	0.1	0
68961	0.133333	0
69251	0.1	0
69258	0.0666667	0
69421	0.0333333	0
69434	0.0666667	0
69570	0.1	0
69735	0.0666667	0
69789	0.1	0
69907	0.133333	0
70000	0.1	0
70201	0.0666667	0
70401	0.0333333	0
70458	0.0666667	0
70478	0.0333333	0
70892	0.0666667	0
71063	0.0333333	0
71474	9.71445e-17	0
71584	0.0333333	0
71802	0.0666667	0
72181	0.0333333	0
72675	9.71445e-17	0
72835	0.0333333	0
73077	0.0666667	0
73403	0.1	0
73449	0.0666667	0
73510	0.0333333	0
73794	0.0666667	0
73864	0.1	0
74078	0.0666667	0
74236	0.1	0
74399	0.0666667	0
74425	0.0333333	0
74864	9.71445e-17	0
75097	0.0333333	0
75287	0.0666667	0
75330	0.1	0
75404	0.133333	0
75584	0.166667	0
75707	0.133333	0
75886	0.1	0
75954	0.0666667	0
76025	0.0333333	0
76318	0.0333333	0
76748	0.0666667	0
76869	0.1	0
76994	0.0666667	0
77368	0.0333333	0
77483	9.71445e-17	0
77589	0.0333333	0
77828	0.0666667	0
78011	0.1	0
78138	0.133333	0
78206	0.1	0
78310	0.133333	0
78431	0.1	0
78514	0.0666667	0
78710	0.1	0
78738	0.0666667	0
78867	0.1	0
78927	0.0666667	0
79116	0.1	0
79201	0.133333	0
79342	0.166667	0
79439	0.133333	0
79448	0.1	0
79606	0.133333	0
79796	0.1	0
79802	0.0666667	0
79926	0.1	0
79940	0.133333	0
79972	0.1	0
80316	0.0666667	0
80543	0.0333333	0
80590	9.71445e-17	0
80764	0.0333333	0
81027	0.0666667	0
81339	0.1	0
81374	0.0666667	0
81550	0.1	0
81623	0.0666667	0
81814	0.1	0
81828	0.133333	0
81936	0.1	0
82378	0.0666667	0
82410	0.0333333	0
82432	9.71445e-17	0
82636	0.0333333	0
82942	0.0666667	0
83160	0.0333333	0
83368	0.0666667	0
83454	0.1	0
83611	0.0666667	0
83941	0.0333333	0
84090	0.0666667	0
84199	0.1	0
84204	0.0666667	0
84699	0.0333333	0
84854	9.71445e-17	0
86322	0.0333333	0
86351	0.0666667	0
86553	0.1	0
86633	0.133333	0
86700	0.166667	0
86773	0.133333	0
86901	0.166667	0
86984	0.133333	0
87049	0.166667	0
87185	0.133333	0
87190	0.1	0
87244	0.0666667	0
87255	0.1	0
87340	0.0666667	0
87427	0.1	0
87449	0.133333	0
87510	0.1	0
87667	0.0666667	0
87949	0.1	0
88144	0.0666667	0
88169	0.0333333	0
88545	0.0666667	0
88573	0.1	0
88574	0.0666667	0
88611	0.0333333	0
89251	9.71445e-17	0
90158	0.0333333	0
90755	9.71445e-17	0
