taxiID	true total demand	total demand	difference	served demand	total distance	served distance	total time	served time	taxi revenue	taxi profit
0	44	44	0	18	328.161	117.243	33463	13733	377.077	377.077
1	6	6	0	6	27.8104	27.8104	2987	2987	109.536	109.536
2	52	52	0	16	258.449	99.5353	31892	11934	329.222	329.222
3	48	48	0	23	322.464	124.013	28438	12278	457.646	457.646
4	24	24	0	13	326.788	207.175	24878	13673	452.816	452.816
5	64	64	0	24	301.446	116.457	37851	14343	449.938	449.938
6	39	39	0	17	311.18	120.931	29734	13072	375.464	375.464
7	63	63	0	40	310.469	240.946	36064	26578	819.033	819.033
8	37	37	0	24	317.934	232.281	27165	18864	613.984	613.984
9	42	42	0	22	292.867	136.232	32851	15381	448.486	448.486
10	41	41	0	9	293.01	106.144	30326	8854	261.426	261.426
11	48	48	0	27	326.338	181.257	32289	16727	580.599	580.599
12	29	29	0	14	320.471	100.373	26473	10650	303.747	303.747
13	15	15	0	6	303.223	172.168	22686	13470	321.252	321.252
14	64	64	0	49	358.67	243.801	44774	32102	925.611	925.611
15	33	33	0	28	391.596	292.483	28002	22542	755.016	755.016
16	37	37	0	12	445.231	240.184	35441	15498	488.071	488.071
17	36	36	0	17	340.65	107.873	29056	11035	362.771	362.771
18	45	45	0	11	399.649	117.801	34739	9402	296.502	296.502
19	60	60	0	16	349.042	124.204	40734	11406	367.703	367.703
20	45	45	0	10	296.25	59.5926	33204	5734	203.072	203.072
21	64	64	0	31	367.185	138.95	45552	25422	562.103	562.103
22	61	61	0	31	298.667	165.017	35110	17513	597.834	597.834
23	34	34	0	6	324.097	91.701	29659	10184	200.552	200.552
24	35	35	0	18	261.691	115.143	23646	12753	378.676	378.676
25	36	36	0	22	349.989	197.704	28323	15968	544.238	544.238
26	42	42	0	17	260.37	62.354	33105	9863	291.678	291.678
27	47	47	0	27	209.413	110.176	28984	16248	476.813	476.813
28	38	38	0	17	339.974	121.608	31907	13509	370.373	370.373
29	47	47	0	30	439.36	221.864	41832	25878	663.637	663.637
30	42	42	0	23	394.147	142.601	32137	12774	472.217	472.217
31	40	40	0	33	305.304	248.529	27519	21814	750.211	750.211
32	35	35	0	13	393.534	166.193	29310	11574	389.119	389.119
33	46	46	0	27	395.288	164.122	36367	17360	547.706	547.706
34	57	57	0	10	336.054	64.0024	34954	6367	207.607	207.607
35	32	32	0	15	381.206	185.958	27032	11593	442.161	442.161
36	40	40	0	19	272.204	123.847	27595	11559	404.166	404.166
37	31	31	0	12	274.667	90.5295	25262	8954	275.409	275.409
38	35	35	0	10	447.281	115.989	31132	7380	284.272	284.272
39	41	41	0	19	354.391	153.399	33428	15384	436.865	436.865
40	58	58	0	10	348.608	49.2637	31936	5653	185.326	185.326
41	59	59	0	18	450.127	204.044	41979	16361	498.579	498.579
42	37	37	0	15	287.075	37.8392	27223	6970	237.998	237.998
43	46	46	0	10	373.686	120.775	40750	10005	288.679	288.679
44	51	51	0	25	367.697	178.591	37037	19519	544.35	544.35
45	55	55	0	26	330.363	143.329	30928	13955	518.541	518.541
46	27	27	0	11	295.433	204.827	22319	11669	427.427	427.427
47	52	52	0	43	284.266	141.069	38097	24410	706.216	706.216
48	52	52	0	7	303.601	39.7472	32896	3628	140.215	140.215
49	61	61	0	23	279.964	147.327	34314	15425	489.043	489.043
50	33	33	0	14	326.519	89.634	25265	8439	295.768	295.768
51	41	41	0	7	267.456	43.5516	28420	3776	149.572	149.572
52	47	47	0	18	328.888	213.274	40533	18456	521.327	521.327
53	37	37	0	15	385.289	51.4335	31308	7230	248.063	248.063
54	59	59	0	19	386.928	104.046	42680	13470	376.394	376.394
55	78	78	0	23	353.208	107.043	46107	13614	421.776	421.776
56	60	60	0	48	286.43	246.275	33702	28506	937.931	937.931
57	32	32	0	12	343.283	154.478	31153	14488	366.244	366.244
58	48	48	0	31	282.931	155.733	30280	18879	596.741	596.741
59	43	43	0	23	332.69	127.414	36271	13360	453.295	453.295
60	59	59	0	21	329.785	138.489	45770	20893	444.543	444.543
61	50	50	0	22	230.543	108.121	29442	11853	423.216	423.216
62	44	44	0	19	426.221	129.204	38483	15482	405.584	405.584
63	25	25	0	9	425.012	142.576	29378	9780	308.365	308.365
64	48	48	0	22	405.392	144.044	36394	13290	464.639	464.639
65	29	29	0	5	264.002	102.534	23433	5964	207.935	207.935
66	55	55	0	18	369.537	46.036	39156	10075	292.584	292.584
67	35	35	0	8	314.219	35.3941	32137	4872	142.348	142.348
68	74	74	0	30	309.404	143.953	42294	18230	553.038	553.038
69	2	2	0	2	0.510258	0.510258	2181	2181	30	30
70	27	27	0	23	504.327	372.321	34137	24445	812.463	812.463
71	32	32	0	14	305.237	148.744	28936	13586	384.011	384.011
72	22	22	0	6	324.766	154.919	24025	10282	295.379	295.379
73	34	34	0	30	398.952	349.765	30068	26682	875.501	875.501
74	51	51	0	17	240.743	113.686	38190	13868	364.061	364.061
75	42	42	0	12	303.226	100.05	32667	10354	281.209	281.209
76	27	27	0	3	152.454	36.6214	14911	2309	89.1441	89.1441
77	42	42	0	20	309.199	129.665	28862	13341	424.206	424.206
78	35	35	0	13	284.397	90.8421	26636	8853	284.531	284.531
79	25	25	0	10	322.012	129.677	22137	7874	307.333	307.333
80	44	44	0	27	284.708	169.379	30457	17423	578.733	578.733
81	45	45	0	32	369.091	283.997	33329	23763	783.496	783.496
82	29	29	0	9	280.37	118.455	24150	9283	274.787	274.787
83	64	64	0	7	357.827	123.967	44277	7752	263.375	263.375
84	65	65	0	38	458.775	260.024	37981	23403	839.995	839.995
85	68	68	0	24	343.378	174.267	42240	17538	531.855	531.855
86	25	25	0	19	421.386	229.012	31682	19893	567.413	567.413
87	60	60	0	38	341.97	137.668	37987	21305	642.675	642.675
88	53	53	0	26	278.976	106.424	33549	14733	459.541	459.541
89	53	53	0	28	406.485	172.441	36480	17711	578.73	578.73
90	33	33	0	25	277.465	197.972	24036	17941	583.728	583.728
91	53	53	0	17	282.908	115.501	30443	11671	362.201	362.201
92	67	67	0	57	324.503	252.973	41116	34525	1037.58	1037.58
93	60	60	0	53	290.934	270.184	45353	41588	1012.02	1012.02
94	61	61	0	22	275.48	63.727	34015	10933	358.771	358.771
95	44	44	0	30	300.26	172.197	28964	18313	606.249	606.249
96	70	70	0	29	396.145	127.069	46781	17679	526.849	526.849
97	45	45	0	11	215.661	37.0062	31023	5350	180.487	180.487
98	52	52	0	14	370.728	150.047	52843	13041	379.635	379.635
99	42	42	0	35	309.465	169.397	31012	22830	646.382	646.382
100	57	57	0	5	276.64	42.9983	34176	3462	119.802	119.802
101	39	39	0	11	429.069	116.882	37943	13175	303.482	303.482
102	43	43	0	8	399.736	84.0021	34512	8164	214.093	214.093
103	72	72	0	41	318.65	128.153	37657	19333	683.925	683.925
104	72	72	0	17	400.579	58.0908	46817	10945	281.736	281.736
105	32	32	0	8	211.074	104.771	26668	9650	250.956	250.956
106	61	61	0	29	363.787	140.344	40562	17742	548.032	548.032
107	36	36	0	25	335.306	195.97	28822	18892	575.618	575.618
108	57	57	0	35	367.949	152.971	44298	20628	638.324	638.324
109	19	19	0	15	364.039	240.333	22539	15199	518.488	518.488
110	43	43	0	14	352.973	121.205	34172	13925	336.524	336.524
111	54	54	0	11	369.229	48.0298	39591	5590	196.82	196.82
112	42	42	0	27	458.659	327.351	34780	24210	794.054	794.054
113	52	52	0	29	272.798	111.521	32294	17062	516.452	516.452
114	59	59	0	21	259.494	99.6787	35491	15030	386.037	386.037
115	2	2	0	2	5.81173	5.81173	1140	1140	32.2874	32.2874
116	46	46	0	21	309.678	109.142	31186	12152	402.83	402.83
117	50	50	0	19	424.588	130.017	32500	11640	412.389	412.389
118	71	71	0	30	509.631	137.432	42090	15753	547.366	547.366
119	64	64	0	32	316.216	136.868	44473	20662	578.494	578.494
120	68	68	0	33	403.551	122.429	56905	19251	566.226	566.226
121	75	75	0	65	370.028	245.444	29535	23329	1208.99	1208.99
122	54	54	0	13	379.761	94.2012	34295	8647	285.681	285.681
123	61	61	0	19	354.307	60.5451	39294	10734	309.418	309.418
124	44	44	0	15	387.108	153.828	35512	14310	395.539	395.539
125	48	48	0	12	303.989	101.013	33600	10454	286.548	286.548
126	39	39	0	11	348.56	119.689	32909	9417	295.829	295.829
127	61	61	0	13	234.421	33.8533	25799	5606	218.187	218.187
128	35	35	0	26	260.218	159.736	28041	17761	527.732	527.732
129	55	55	0	21	338.645	56.8243	31471	8462	331.429	331.429
130	39	39	0	21	251.497	110.308	26374	12906	401.044	401.044
131	49	49	0	14	354.959	143.643	33105	10640	372.504	372.504
132	52	52	0	18	326.35	104.846	35974	13538	361.443	361.443
133	55	55	0	19	265.758	109.458	32920	10591	387.371	387.371
134	29	29	0	23	379.964	222.015	25244	16653	582.361	582.361
135	63	63	0	21	277.714	106.695	36658	11562	411.73	411.73
136	26	26	0	8	384.109	162.838	29559	12235	333.413	333.413
137	50	50	0	15	334.919	104.111	33889	12418	321.74	321.74
138	22	22	0	13	354.88	195.16	24022	13503	431.369	431.369
139	61	61	0	26	416.719	162.185	42077	18424	534.14	534.14
140	50	50	0	21	306.991	109.527	31415	12223	409.85	409.85
141	20	20	0	14	332.014	93.9062	22813	9652	305.708	305.708
142	24	24	0	10	300.271	87.8293	24439	10108	246.123	246.123
143	48	48	0	17	288.662	108.129	30274	11732	354.545	354.545
144	46	46	0	26	330.133	164.227	36961	19743	544.741	544.741
145	76	76	0	33	387.281	85.7918	48166	20033	530.769	530.769
146	61	61	0	33	250.443	155.559	33118	20269	612.162	612.162
147	24	24	0	5	325.367	115.41	22749	5560	225.615	225.615
148	47	47	0	18	247.259	108.415	30311	15519	361.651	361.651
149	38	38	0	19	283.803	105.969	23559	11144	372.649	372.649
150	56	56	0	20	345.404	55.8908	44960	10310	312.281	312.281
151	47	47	0	30	346.433	192.271	34470	22552	643.839	643.839
152	45	45	0	6	276.027	105.777	27723	7378	221.764	221.764
153	41	41	0	17	381.997	177.998	32994	14174	457.342	457.342
154	69	69	0	36	438.432	241.682	47829	25596	774.171	774.171
155	24	24	0	13	307.983	120.333	22563	9323	328.304	328.304
156	34	34	0	4	340.08	92.9711	28745	6027	181.457	181.457
157	35	35	0	4	326.263	94.0513	36408	9945	183.917	183.917
158	46	46	0	13	316.01	71.0764	38287	13303	246.056	246.056
159	48	48	0	28	209.023	116.721	28951	16863	497.73	497.73
160	40	40	0	18	288.785	112.869	28628	11363	381.72	381.72
161	26	26	0	23	313.038	225.103	27004	22352	588.996	588.996
162	50	50	0	31	272.23	190.716	38014	23781	635.544	635.544
163	29	29	0	12	289.203	58.3967	21552	6391	224.614	224.614
164	61	61	0	31	400.515	108.033	44591	16648	515.849	515.849
165	27	27	0	24	405.27	303.992	35079	28390	734.419	734.419
166	53	53	0	29	283.915	110.111	35359	18034	510.992	510.992
167	22	22	0	14	279.038	200.347	19345	12722	455.674	455.674
168	56	56	0	23	339.138	120.227	35611	13136	444.433	444.433
169	55	55	0	26	293.212	97.7074	32515	13591	451.554	451.554
170	23	23	0	18	253.176	182.402	20899	15150	483.481	483.481
171	34	34	0	21	320.881	124.957	28290	13072	433.455	433.455
172	46	46	0	35	299.292	204.487	34223	24564	693.122	693.122
173	33	33	0	23	376.62	189.732	31836	19931	541.085	541.085
174	63	63	0	24	366.079	161.329	43914	18828	516.084	516.084
175	61	61	0	35	308.763	114.969	36395	18035	593.168	593.168
176	37	37	0	23	330.084	159.119	27237	14897	506.557	506.557
177	32	32	0	27	337.054	264.074	30599	23346	697.551	697.551
178	48	48	0	26	348.191	176.868	31801	15141	575.011	575.011
179	70	70	0	25	287.234	63.6331	39384	10686	398.663	398.663
180	37	37	0	28	208.357	141.464	28581	20321	525.378	525.378
181	32	32	0	24	284.089	179.277	27763	19565	534.835	534.835
182	47	47	0	18	271.275	80.3066	28428	10167	333.545	333.545
183	57	57	0	17	381.391	73.4444	36757	7243	317.292	317.292
184	43	43	0	20	383.755	117.247	30116	11520	416.884	416.884
185	28	28	0	9	437.039	104.261	31018	8990	258.43	258.43
186	39	39	0	7	335.793	84.8606	31218	6217	205.178	205.178
187	65	65	0	32	261.673	74.2521	36108	13954	495.154	495.154
188	48	48	0	28	344.894	175.365	40700	19808	578.024	578.024
189	42	42	0	22	297.101	158.641	32022	16509	493.291	493.291
190	30	30	0	12	398.732	77.2872	26653	7930	247.036	247.036
191	51	51	0	30	259.654	103.891	32454	17556	497.732	497.732
192	55	55	0	20	294.828	144.879	33757	13870	435.876	435.876
193	58	58	0	20	414.599	148.95	36787	13863	444.524	444.524
194	32	32	0	26	261.379	191.113	27173	20638	575.493	575.493
195	58	58	0	52	414.743	368.901	49488	44227	1146.28	1146.28
196	80	80	0	53	365.66	200.395	45703	30906	915.382	915.382
197	44	44	0	21	362.516	102.01	36955	13760	391.638	391.638
198	25	25	0	20	486.98	214.151	36007	15662	543.344	543.344
199	25	25	0	15	274.734	198.34	20247	13927	468.582	468.582
200	43	43	0	39	425.064	337.04	34133	28728	949.724	949.724
201	65	65	0	15	333.134	44.5119	38709	8684	244.805	244.805
202	63	63	0	17	347.29	61.676	39797	9391	295.149	295.149
203	52	52	0	41	417.658	249.955	37814	26185	835.713	835.713
204	39	39	0	18	303.896	80.6886	29401	13032	336.53	336.53
205	25	25	0	8	397.17	144.529	25589	7685	305.71	305.71
206	45	45	0	37	383.655	264.734	30965	23718	827.58	827.58
207	7	7	0	7	22.09	22.09	36467	36467	112.684	112.684
208	36	36	0	11	421.291	125.394	32230	10133	311.013	311.013
209	58	58	0	42	268.616	211.934	36329	29149	803.319	803.319
210	23	23	0	14	276.264	137.109	20943	12397	360.827	360.827
211	60	60	0	12	446.111	116.763	47378	8916	303.326	303.326
212	32	32	0	26	313.228	218.404	23893	18170	614.298	614.298
213	49	49	0	9	444.315	125.775	42988	9952	292.345	292.345
214	58	58	0	12	307.007	71.3948	36186	6948	240.763	240.763
215	55	55	0	25	293.468	88.9348	31707	12645	433.279	433.279
216	32	32	0	28	443.17	315.731	34441	26906	775.476	775.476
217	82	82	0	36	378.219	145.515	53401	26590	631.679	631.679
218	66	66	0	31	398.598	160.77	44756	23617	592.39	592.39
219	49	49	0	30	365.833	224.586	31381	17258	691.829	691.829
220	47	47	0	13	325.892	110.028	33951	10911	311.766	311.766
221	56	56	0	12	320.597	114.093	36581	11000	300.642	300.642
222	54	54	0	31	314.185	178.82	38395	23944	624.652	624.652
223	43	43	0	13	257.348	84.01	27594	9819	270.568	270.568
224	64	64	0	41	357.525	255.88	38533	25214	851.745	851.745
225	27	27	0	19	329.42	211.676	21212	13802	526.91	526.91
226	33	33	0	4	297.334	108.533	30722	8288	204.8	204.8
227	45	45	0	10	399.133	116.691	36147	9636	288.929	288.929
228	41	41	0	13	357.029	95.897	31633	9289	291.772	291.772
229	32	32	0	9	339.238	76.6786	30438	7189	212.196	212.196
230	41	41	0	6	317.488	115.417	32352	9001	237.157	237.157
231	72	72	0	5	250.769	30.0075	46270	2506	103.336	103.336
232	16	16	0	10	410.965	207.175	35371	12079	415.762	415.762
233	55	55	0	41	340.079	255.814	38775	30209	857.493	857.493
234	52	52	0	22	260.3	99.0421	29678	12648	401.673	401.673
235	35	35	0	7	286.125	78.4738	26740	7279	196.439	196.439
236	80	80	0	29	359.805	126.618	45436	14891	529.127	529.127
237	56	56	0	31	365.922	214.266	38549	21628	679.153	679.153
238	52	52	0	14	391.464	162.901	46581	19577	396.475	396.475
239	56	56	0	23	252.086	70.6765	31814	12937	372.987	372.987
240	65	65	0	18	418.922	92.1345	43874	9016	347.496	347.496
241	36	36	0	16	330.712	136.296	26588	9814	386.93	386.93
242	45	45	0	20	209.625	115.631	24216	11796	397.087	397.087
243	38	38	0	23	339.543	183.574	30896	15314	532.989	532.989
244	38	38	0	6	411.429	128.701	32622	8245	256.051	256.051
245	46	46	0	33	270.497	190.708	37854	26775	651.122	651.122
246	23	23	0	11	431.47	211.534	29549	11491	436.09	436.09
247	29	29	0	22	260.526	153.171	21981	14231	489.297	489.297
248	50	50	0	21	319.502	106.948	34335	13389	408.169	408.169
249	50	50	0	17	273.578	152.725	38934	16533	415.848	415.848
250	77	77	0	15	346.683	78.7211	43548	8664	289.74	289.74
251	61	61	0	17	297.613	107.066	35966	11313	354.103	354.103
252	38	38	0	17	310.412	115.594	28556	11400	365.794	365.794
253	26	26	0	6	385.885	76.6386	23349	5555	181.222	181.222
254	46	46	0	39	363.842	244.633	31787	25449	824.346	824.346
255	64	64	0	33	317.579	122.536	35706	15981	569.884	569.884
256	41	41	0	10	319.113	103.281	24485	5504	278.115	278.115
257	24	24	0	11	490.603	65.9739	84257	12602	226.345	226.345
258	65	65	0	20	290.973	113.02	39786	13409	405.943	405.943
259	32	32	0	8	330.175	83.3338	22851	4777	219.035	219.035
260	70	70	0	15	371.421	104.775	44265	10256	330.083	330.083
261	43	43	0	21	185.731	75.9492	28007	11579	360.286	360.286
262	27	27	0	11	353.904	143.713	30721	12608	334.448	334.448
263	41	41	0	37	324.373	282.92	34835	31303	841.103	841.103
264	28	28	0	3	297.609	46.3553	26418	2737	101.033	101.033
265	68	68	0	17	335.891	100.185	40566	11843	336.767	336.767
266	48	48	0	30	277.38	178.603	27591	16807	617.151	617.151
267	40	40	0	21	452.129	214.762	45990	21944	564.248	564.248
268	44	44	0	11	449.082	138.454	37705	10223	323.971	323.971
269	40	40	0	20	334.503	165.714	30170	15672	478.55	478.55
270	51	51	0	30	350.721	170.425	36111	21152	599.067	599.067
271	39	39	0	23	367.245	136.39	28076	12745	468.995	468.995
272	57	57	0	23	278.604	111.895	31409	13535	432.699	432.699
273	46	46	0	14	306.867	104.472	27405	8946	317.991	317.991
274	34	34	0	24	297.714	205.31	22587	14125	584.383	584.383
275	65	65	0	48	346.986	236.897	40740	31655	901.585	901.585
276	50	50	0	38	250.514	191.234	29783	21915	723.541	723.541
277	33	33	0	12	299.535	121.944	23261	8925	321.394	321.394
278	32	32	0	17	250.398	110.075	25895	11513	358.042	358.042
279	26	26	0	13	226.255	119.749	19615	10915	325.583	325.583
280	23	23	0	19	289.974	216.017	28093	21750	536.046	536.046
281	55	55	0	8	352.938	95.7317	34346	6131	232.591	232.591
282	50	50	0	17	306.387	125.838	25068	9851	403.713	403.713
283	56	56	0	35	395.279	214	42411	22196	729.505	729.505
284	50	50	0	25	286.874	130.586	34933	17505	486.684	486.684
285	49	49	0	26	319.98	156.713	35629	17815	542.375	542.375
286	47	47	0	14	248.407	82.7731	30205	7333	290.794	290.794
287	51	51	0	24	310.104	67.3056	32199	11128	380.554	380.554
288	41	41	0	18	321.335	101.884	28969	13069	356.989	356.989
289	37	37	0	24	276.782	115.053	22471	13665	455.291	455.291
290	45	45	0	11	340.185	126.421	45964	8380	317.191	317.191
291	77	77	0	13	319.147	118.442	44710	13286	322.106	322.106
292	24	24	0	3	324.958	70.2277	26013	3421	136.841	136.841
293	48	48	0	15	367.413	156.533	35670	12740	401.526	401.526
294	35	35	0	24	391.525	300.91	30272	23091	717.922	717.922
295	25	25	0	24	384.703	363.543	22333	21227	824.208	824.208
296	59	59	0	23	279.407	115.542	43243	14470	433.847	433.847
297	61	61	0	15	304.333	112.562	38110	11046	347.845	347.845
298	44	44	0	13	380.338	52.394	37028	8694	224.449	224.449
299	31	31	0	22	333.171	189.17	27243	16839	535.659	535.659
300	48	48	0	42	359.674	216.675	35330	26521	804.783	804.783
301	57	57	0	17	379.508	118.752	41052	13117	364.962	364.962
302	21	21	0	16	274.853	157.39	21373	13308	423.809	423.809
303	32	32	0	8	365.816	77.0111	29692	7792	200.106	200.106
304	44	44	0	19	271.325	93.2062	28733	12641	352.11	352.11
305	31	31	0	19	255.203	146.692	27570	16955	426.888	426.888
306	39	39	0	17	320.685	120.015	32774	16123	378.753	378.753
307	49	49	0	16	318.021	103.843	34002	9536	336.313	336.313
308	32	32	0	8	350.68	126.65	29244	9366	275.862	275.862
309	19	19	0	9	270.63	120.362	19932	9232	280.314	280.314
310	41	41	0	11	437.072	180.594	36377	11704	389.698	389.698
311	104	104	0	28	279.421	104.51	36049	10386	522.809	522.809
312	37	37	0	6	306.885	102.494	27890	7288	216.978	216.978
313	40	40	0	12	308.615	116.141	26356	8493	305.005	305.005
314	55	55	0	19	343.158	182.482	41925	17042	490.527	490.527
315	30	30	0	17	314.863	214.212	24686	15113	512.322	512.322
316	27	27	0	24	327.276	283.262	23800	21466	693.162	693.162
317	44	44	0	26	314.154	166.33	32630	18221	541.591	541.591
318	57	57	0	36	420.914	332.279	42651	32085	896.553	896.553
319	42	42	0	9	330.533	161.441	27437	9144	340.48	340.48
320	60	60	0	15	318.776	128.122	59768	29972	359.385	359.385
321	52	52	0	25	298.904	155.818	31550	17028	514.071	514.071
322	61	61	0	25	293.292	142.185	34595	16115	504.217	504.217
323	48	48	0	19	289.738	129.292	28766	11559	407.768	407.768
324	23	23	0	22	236.9	216.231	17833	16767	573.098	573.098
325	56	56	0	17	342.333	105.723	38315	12053	353.963	353.963
326	56	56	0	23	336.928	181.402	36960	18573	520.453	520.453
327	51	51	0	46	297.777	203.059	34049	26984	841.653	841.653
328	36	36	0	18	299.27	141.563	26369	12818	420.467	420.467
329	55	55	0	23	481.534	202.29	42007	15029	572.866	572.866
330	76	76	0	35	325.813	142.854	43927	18610	622.594	622.594
331	64	64	0	59	332.464	239.008	39245	34481	1049.79	1049.79
332	42	42	0	31	202.745	161.95	30315	19569	599.141	599.141
333	63	63	0	22	339.517	75.6238	42481	10597	374.502	374.502
334	64	64	0	12	345.94	82.9233	39006	10729	258.071	258.071
335	33	33	0	12	347.856	71.4878	27690	8085	246.263	246.263
336	40	40	0	9	336.309	55.5745	34653	5829	187.895	187.895
337	49	49	0	17	361.201	120.182	35809	11820	378.675	378.675
338	57	57	0	22	374.155	207.769	52624	33828	563.219	563.219
339	66	66	0	41	316.675	146.233	34466	19839	696.882	696.882
340	43	43	0	24	329.419	166.103	30771	17750	527.601	527.601
341	45	45	0	14	277.765	76.1655	31692	7604	268.222	268.222
342	29	29	0	8	421.606	108.874	30269	9180	250.553	250.553
343	29	29	0	10	313.155	43.9375	22712	5502	185.701	185.701
344	68	68	0	14	349.588	146.814	48144	14383	377.151	377.151
345	47	47	0	32	380.229	165.892	36245	18615	607.61	607.61
346	62	62	0	4	294.089	47.9761	35702	3086	116.397	116.397
347	50	50	0	21	249.747	116.574	28889	14483	412.437	412.437
348	29	29	0	19	326.535	192.129	24144	15347	504.581	504.581
349	58	58	0	26	412.09	125.427	42484	17470	487.502	487.502
350	38	38	0	24	422.221	210.568	33374	18343	584.298	584.298
351	78	78	0	33	335.146	133.953	47129	19922	582.992	582.992
352	35	35	0	20	343.198	140.531	30523	14932	439.2	439.2
353	33	33	0	21	325.173	153.322	29608	16920	461.855	461.855
354	30	30	0	16	314.187	114.136	25601	11066	345.624	345.624
355	50	50	0	24	362.85	102.102	36644	15010	424.425	424.425
356	27	27	0	22	419.084	321.494	32040	24078	724.32	724.32
357	30	30	0	10	279.8	46.4591	20952	5836	188.405	188.405
358	52	52	0	17	309.592	122.275	34711	12860	370.553	370.553
359	44	44	0	16	260.363	109.017	32953	13339	345.382	345.382
360	66	66	0	15	342.737	65.0538	39134	7163	277.635	277.635
361	67	67	0	16	359.481	102.696	40786	11142	333.361	333.361
362	61	61	0	32	287.244	146.284	35891	17611	589.193	589.193
363	29	29	0	16	356.847	117.206	28000	12833	356.306	356.306
364	36	36	0	8	312.249	158.977	32782	11543	327.481	327.481
365	58	58	0	15	303.942	130.386	45805	15816	358.861	358.861
366	58	58	0	42	361.481	181.384	40025	24483	765.603	765.603
367	44	44	0	6	404.426	149.354	34208	8586	287.031	287.031
368	49	49	0	33	360.922	245.639	35689	25614	745.426	745.426
369	41	41	0	35	261.352	214.698	30813	25377	717.1	717.1
370	51	51	0	41	285.373	204.67	35333	27193	772.777	772.777
371	60	60	0	21	274.111	61.4727	37109	12086	332.675	332.675
372	54	54	0	29	300.923	215.807	33652	20999	648.75	648.75
373	23	23	0	10	380.443	160.369	26573	12181	348.079	348.079
374	74	74	0	20	320.864	179.396	27594	10829	529.894	529.894
375	60	60	0	15	281.996	39.9693	36296	6819	240.443	240.443
376	54	54	0	20	306.867	107.047	35253	12202	385.552	385.552
377	22	22	0	9	260.707	91.0058	21037	8503	231.009	231.009
378	28	28	0	24	199.458	129.939	23765	19203	470.771	470.771
379	48	48	0	18	280.711	121.324	29480	11540	380.92	380.92
380	53	53	0	39	334.873	257.474	37372	29428	830.631	830.631
381	34	34	0	16	223.053	86.7401	29488	15639	308.97	308.97
382	43	43	0	32	276.66	224.645	30904	24127	697.73	697.73
383	25	25	0	12	388.865	91.886	46066	8896	269.292	269.292
384	23	23	0	5	414.242	75.7633	26464	4636	171.515	171.515
385	51	51	0	25	381.977	205.597	39494	21508	586.803	586.803
386	66	66	0	21	366.48	139.719	46499	16547	447.442	447.442
387	43	43	0	16	250.685	113.21	27590	11470	346.351	346.351
388	33	33	0	30	313.117	237.061	28243	23535	690.568	690.568
389	47	47	0	22	314.223	161.676	40283	16883	483.702	483.702
390	75	75	0	55	452.01	173.602	47596	29051	901.905	901.905
391	67	67	0	27	347.039	137.929	46641	20537	513.467	513.467
392	52	52	0	24	305.438	69.4788	33237	11918	389.436	389.436
393	60	60	0	17	310.754	48.2406	38053	7565	269.46	269.46
394	56	56	0	14	317.085	99.3506	39336	9604	311.329	311.329
395	69	69	0	14	272.57	60.9912	34924	7621	256.116	256.116
396	51	51	0	24	365.058	101.504	37632	14487	426.452	426.452
397	45	45	0	18	321.3	121.352	30933	11064	386.522	386.522
398	47	47	0	21	256.06	98.33	36997	16149	385.433	385.433
399	43	43	0	27	401.316	249.617	32458	20980	679.771	679.771
400	42	42	0	34	282.187	180.805	29961	20413	655.903	655.903
401	41	41	0	11	288.703	110.685	28094	8385	293.705	293.705
402	31	31	0	20	254.02	147.409	22988	13026	457.754	457.754
403	63	63	0	20	284.623	93.3578	38888	14674	373.286	373.286
404	60	60	0	29	323.336	132.76	38593	17074	529.144	529.144
405	60	60	0	18	329.988	123.469	42831	14831	384.413	384.413
406	62	62	0	16	320.568	139.589	42214	13951	387.617	387.617
407	37	37	0	13	360.775	137.663	38202	13745	348.96	348.96
408	24	24	0	8	336.401	112.789	25486	11380	257.792	257.792
409	62	62	0	30	274.71	122.255	40334	17922	527.865	527.865
410	38	38	0	9	330.155	141.019	31583	10037	310.064	310.064
411	67	67	0	32	298.326	119.986	44869	20606	539.08	539.08
412	51	51	0	22	366.91	114.07	42116	17908	419.89	419.89
413	54	54	0	19	310.725	156.189	40380	13093	449.322	449.322
414	22	22	0	7	352.498	100.872	21398	6105	232.47	232.47
415	43	43	0	23	330.166	100.478	27276	9962	422.842	422.842
416	24	24	0	6	219.096	46.9466	19178	5045	133.715	133.715
417	69	69	0	26	393.222	112.677	44804	15922	465.648	465.648
418	40	40	0	11	359.866	89.3964	33767	7929	260.099	260.099
419	13	13	0	7	191.766	117.739	16540	9166	254.609	254.609
420	32	32	0	10	344.385	33.7615	23453	5442	159.353	159.353
421	57	57	0	17	327.297	166.183	33594	13330	439.658	439.658
422	46	46	0	20	329.866	108.971	33726	11798	392.526	392.526
423	52	52	0	22	234.057	74.349	36574	13905	374.039	374.039
424	28	28	0	25	419.547	343.966	24297	20394	788.267	788.267
425	54	54	0	18	251.415	65.4832	29046	8584	314.068	314.068
426	44	44	0	28	441.854	268.718	34395	19697	715.09	715.09
427	69	69	0	30	256.925	109.516	34565	15823	519.296	519.296
428	65	65	0	30	319.47	116.731	43108	19091	523.266	523.266
429	45	45	0	32	415.584	191.384	38233	23721	653.87	653.87
430	48	48	0	15	394.591	109.784	33971	10316	335.653	335.653
431	27	27	0	12	305.23	130.904	29356	10290	335.55	335.55
432	47	47	0	30	333.674	82.2053	32790	14755	472.678	472.678
433	58	58	0	9	317.772	81.1443	39250	6977	225.011	225.011
434	67	67	0	38	277.735	111.123	39529	20525	623.065	623.065
435	32	32	0	16	380.595	116.252	38973	12241	367.359	367.359
436	39	39	0	18	365.25	142.494	33488	13033	419.626	419.626
437	71	71	0	23	456.081	83.3885	36481	8356	392.476	392.476
438	35	35	0	12	178.755	95.1159	21232	8738	276.706	276.706
439	50	50	0	16	337.587	83.6964	30666	8792	312.26	312.26
440	68	68	0	27	322.073	133.853	42316	17133	515.552	515.552
441	47	47	0	35	443.121	235.788	40256	24899	744.062	744.062
442	46	46	0	21	365.708	134.78	37940	18197	442.567	442.567
443	68	68	0	25	340.665	72.8187	39088	12066	399.886	399.886
444	37	37	0	23	359.585	172.429	31008	17097	517.107	517.107
445	60	60	0	30	320.544	154.299	39561	20224	579.33	579.33
446	61	61	0	56	330.136	314.974	41542	38575	1108.67	1108.67
447	47	47	0	31	278.001	164.219	28938	18337	610.199	610.199
448	19	19	0	11	350.127	159.432	25824	15852	363.257	363.257
449	65	65	0	21	295.132	57.3702	39461	9389	327.556	327.556
450	40	40	0	19	395.995	218.475	35177	17229	534.005	534.005
451	49	49	0	12	274.034	82.5013	33826	10623	260.227	260.227
452	57	57	0	13	311.429	49.1042	35986	5312	230.508	230.508
453	40	40	0	10	420.552	91.0789	32490	7328	246.626	246.626
454	68	68	0	30	346.43	117.221	37714	14815	528.083	528.083
455	61	61	0	37	336.936	220.536	45790	28879	762.741	762.741
456	56	56	0	23	419.376	95.7932	46331	14380	407.511	407.511
457	32	32	0	9	388.189	96.7922	28608	6225	246.417	246.417
458	39	39	0	12	435.955	110.524	35460	10091	304.467	304.467
459	50	50	0	6	285.567	76.3709	33010	6928	180.652	180.652
460	27	27	0	22	291.318	174.429	24038	15634	514.596	514.596
461	27	27	0	24	418.463	339.218	27861	23957	773.335	773.335
462	28	28	0	16	309.381	180.994	24041	12616	456.372	456.372
463	39	39	0	11	320.838	102.011	34176	9570	278.375	278.375
464	89	89	0	29	624.51	155.618	54869	16519	560.107	560.107
465	44	44	0	20	330.982	90.8939	28626	9748	364.935	364.935
466	37	37	0	19	249.6	83.7631	24847	9862	359.419	359.419
467	34	34	0	19	252.002	186.119	24060	16147	503.4	503.4
468	54	54	0	31	334.192	196.181	39452	24222	650.768	650.768
469	56	56	0	27	406.082	114.976	43060	16226	476.23	476.23
470	31	31	0	19	397.575	250.351	27558	13247	589.174	589.174
471	58	58	0	12	299.64	110.791	34429	10007	299.19	299.19
472	25	25	0	17	379.623	218.848	24735	14774	515.873	515.873
473	34	34	0	7	369.048	142.615	27039	7520	291.348	291.348
474	29	29	0	16	320.418	104.736	38814	23886	335.945	335.945
475	56	56	0	44	349.261	189.1	41734	27469	785.305	785.305
476	27	27	0	13	270.115	55.3377	22357	8656	232.436	232.436
477	61	61	0	28	409.296	183.731	40448	17898	603.772	603.772
478	44	44	0	16	230.701	110.54	27475	12003	344.346	344.346
479	53	53	0	34	375.331	225.311	45362	28563	731.665	731.665
480	62	62	0	43	331.122	153.445	36966	22181	729.257	729.257
481	95	95	0	45	324.819	106.094	36793	13125	768.065	768.065
482	57	57	0	35	312.355	116.032	35885	18242	590.609	590.609
483	50	50	0	18	365.004	71.5932	39443	10688	314.162	314.162
484	31	31	0	19	429.461	189.591	33600	13682	508.97	508.97
485	34	34	0	8	384.119	84.6828	28797	6863	211.095	211.095
486	17	17	0	4	236.135	44.7848	15312	2728	111.631	111.631
487	60	60	0	32	312.859	170.134	38473	22078	628.711	628.711
488	48	48	0	22	357.019	236.36	32253	17311	599.101	599.101
489	46	46	0	11	275.62	46.6579	32949	7317	190.148	190.148
490	35	35	0	13	508.298	190.368	39795	11030	431.17	431.17
491	42	42	0	34	367.661	238.481	29519	21508	745.73	745.73
492	71	71	0	36	363.219	123.163	42903	18318	620.873	620.873
493	75	75	0	23	273.343	59.5318	39452	12967	359.341	359.341
494	60	60	0	22	328.469	103.988	40017	11675	413.018	413.018
495	59	59	0	17	374.156	103.745	39858	12235	350.329	350.329
496	70	70	0	37	314.45	188.834	42918	23978	715.3	715.3
497	49	49	0	27	311.216	160.997	28115	16147	558.047	558.047
498	36	36	0	19	401.588	191.385	34637	17995	493.472	493.472
499	48	48	0	11	260.774	68.2245	30378	9743	223.026	223.026
500	57	57	0	19	322.031	91.1592	33598	8546	378.15	378.15
501	61	61	0	22	269.035	93.9139	35670	13117	400.005	400.005
502	49	49	0	18	274.553	86.8459	31272	10931	342.492	342.492
503	36	36	0	11	367.496	104.578	29113	7707	280.135	280.135
504	55	55	0	16	335.492	80.972	39452	9806	309.677	309.677
505	52	52	0	29	329.646	186.019	42006	22008	607.041	607.041
506	28	28	0	10	282.611	118.908	24204	9273	290.844	290.844
507	39	39	0	25	285.03	158.123	25164	15248	530.131	530.131
508	80	80	0	13	374.564	109.2	48577	12211	306.805	306.805
509	40	40	0	24	407.224	164.655	35772	17903	523.285	523.285
510	62	62	0	21	316.366	51.0489	36186	7930	334.551	334.551
511	37	37	0	11	296.607	66.2381	27682	6351	230.334	230.334
512	46	46	0	25	298.839	131.132	34622	16909	491.035	491.035
513	55	55	0	24	307.802	134.116	37194	16281	466.28	466.28
514	46	46	0	9	342.714	87.1788	34851	9189	229.787	229.787
515	44	44	0	17	282.081	84.2665	30510	12497	318.217	318.217
516	36	36	0	12	412.026	141.366	34379	11209	342.709	342.709
517	27	27	0	7	336.76	97.3637	22392	5503	228.546	228.546
518	52	52	0	22	366.137	140.095	39427	16853	462.174	462.174
519	29	29	0	18	369.094	226.656	24726	15565	532.628	532.628
520	38	38	0	32	273.602	217.781	27782	23919	690.087	690.087
521	27	27	0	21	401.167	298.799	24025	18175	688.895	688.895
522	27	27	0	18	378.905	182.737	27884	15174	472.884	472.884
523	35	35	0	18	466.872	198.468	30827	14412	494.227	494.227
524	39	39	0	15	394.5	81.5718	34555	10320	303.992	303.992
525	64	64	0	14	384.063	99.499	46948	8004	307.827	307.827
526	81	81	0	43	369.875	150.365	45759	20200	755.376	755.376
527	45	45	0	11	259.084	99.3589	30438	7396	278.864	278.864
528	75	75	0	26	421.934	92.6082	48254	12371	439.464	439.464
529	20	20	0	15	337.76	226.022	30475	21579	503.405	503.405
530	49	49	0	25	444.462	172.963	37148	14453	547.988	547.988
531	37	37	0	22	338.433	116.161	26393	14162	424.287	424.287
532	48	48	0	44	367.645	340.299	35731	33382	1018.94	1018.94
533	46	46	0	16	294.595	99.8893	32956	11797	333.797	333.797
534	43	43	0	22	267.99	144.814	31916	16692	457.768	457.768
535	50	50	0	13	306.333	136.184	36041	13858	349.614	349.614
